[
  {
    "t": 1693895367163,
    "data": {
      "position": [
        [
          0.1298318947106163
        ],
        [
          0.21325895997197064
        ],
        [
          0.13028470678065057
        ]
      ],
      "orientation_mat": [
        [
          -0.7596323462226368,
          0.610413732550134,
          -0.22439646540555333
        ],
        [
          -0.4858796041588127,
          -0.3033200622933837,
          0.8197060144178603
        ],
        [
          0.4322958579893724,
          0.7317048687309327,
          0.5269993133208817
        ]
      ]
    }
  },
  {
    "t": 1693895367196,
    "data": {
      "position": [
        [
          0.12976237945963318
        ],
        [
          0.21379496094428943
        ],
        [
          0.13029167810667475
        ]
      ],
      "orientation_mat": [
        [
          -0.7472234875026827,
          0.6178394337428514,
          -0.24480909671954765
        ],
        [
          -0.5260501688459329,
          -0.32477276902209556,
          0.7859986439930328
        ],
        [
          0.4061136289038989,
          0.7160985146011919,
          0.5676923795546961
        ]
      ]
    }
  },
  {
    "t": 1693895367226,
    "data": {
      "position": [
        [
          0.12975538301298692
        ],
        [
          0.21379776335193673
        ],
        [
          0.13029183802966415
        ]
      ],
      "orientation_mat": [
        [
          -0.7469054469116736,
          0.618084414355851,
          -0.24516098813648518
        ],
        [
          -0.5262850127420158,
          -0.32417397149997756,
          0.7860886219537007
        ],
        [
          0.4063943143509878,
          0.7161584272577657,
          0.5674158689452332
        ]
      ]
    }
  },
  {
    "t": 1693895367258,
    "data": {
      "position": [
        [
          0.1297278816600373
        ],
        [
          0.21380219757964591
        ],
        [
          0.1302821250174031
        ]
      ],
      "orientation_mat": [
        [
          -0.7468176832328453,
          0.6180576223137781,
          -0.24549566902608427
        ],
        [
          -0.526378040377143,
          -0.3237564218085548,
          0.7861984087661587
        ],
        [
          0.4064351198155057,
          0.7163704033791181,
          0.5671189809405035
        ]
      ]
    }
  },
  {
    "t": 1693895367291,
    "data": {
      "position": [
        [
          0.12968765413400096
        ],
        [
          0.21379723392090075
        ],
        [
          0.13025805662251733
        ]
      ],
      "orientation_mat": [
        [
          -0.7468330578327835,
          0.6178177057325392,
          -0.24605216156643653
        ],
        [
          -0.5260558807725045,
          -0.32250747275654623,
          0.7869270235039906
        ],
        [
          0.4068237874470947,
          0.7171403018235464,
          0.5658658793986737
        ]
      ]
    }
  },
  {
    "t": 1693895367322,
    "data": {
      "position": [
        [
          0.12963749056618568
        ],
        [
          0.21385837488927323
        ],
        [
          0.13026816242598888
        ]
      ],
      "orientation_mat": [
        [
          -0.7470139233669867,
          0.61787920228389,
          -0.2453476914113631
        ],
        [
          -0.5261941090869863,
          -0.3239688656100459,
          0.7862340196643063
        ],
        [
          0.40631263561205505,
          0.716428269612781,
          0.5671336497172613
        ]
      ]
    }
  },
  {
    "t": 1693895367355,
    "data": {
      "position": [
        [
          0.12962068261315896
        ],
        [
          0.21387701557632924
        ],
        [
          0.13027074699245123
        ]
      ],
      "orientation_mat": [
        [
          -0.7472678770605009,
          0.6182027648626135,
          -0.243754100334153
        ],
        [
          -0.5254845419807904,
          -0.32519734292140395,
          0.7862014273047958
        ],
        [
          0.4067637103438938,
          0.7155920832940225,
          0.5678655248156823
        ]
      ]
    }
  },
  {
    "t": 1693895367387,
    "data": {
      "position": [
        [
          0.12965490473160177
        ],
        [
          0.21386220866939754
        ],
        [
          0.1302768599928082
        ]
      ],
      "orientation_mat": [
        [
          -0.7470636997894284,
          0.6179386801693967,
          -0.24504615077049202
        ],
        [
          -0.5257340495684268,
          -0.32363024321790024,
          0.7866811137933245
        ],
        [
          0.4068163437981734,
          0.7165300086006354,
          0.5666438115725427
        ]
      ]
    }
  },
  {
    "t": 1693895367419,
    "data": {
      "position": [
        [
          0.12967104423264342
        ],
        [
          0.21382451588727228
        ],
        [
          0.13027315766035819
        ]
      ],
      "orientation_mat": [
        [
          -0.7469203690138477,
          0.6180774234140808,
          -0.24513314956983817
        ],
        [
          -0.5258634198827595,
          -0.323493231185206,
          0.7866509982238397
        ],
        [
          0.4069123074833521,
          0.7164722102378891,
          0.5666479912391889
        ]
      ]
    }
  },
  {
    "t": 1693895367451,
    "data": {
      "position": [
        [
          0.12971523943005023
        ],
        [
          0.21375688822362315
        ],
        [
          0.1302462303569284
        ]
      ],
      "orientation_mat": [
        [
          -0.746633703327683,
          0.6182967125278866,
          -0.24545323043789324
        ],
        [
          -0.5261391966203752,
          -0.32306358257664214,
          0.786643163951999
        ],
        [
          0.4070818822237803,
          0.7164768641693556,
          0.5665202946719485
        ]
      ]
    }
  },
  {
    "t": 1693895367482,
    "data": {
      "position": [
        [
          0.12980071455905218
        ],
        [
          0.21377592609701526
        ],
        [
          0.13026346585125959
        ]
      ],
      "orientation_mat": [
        [
          -0.746368558470992,
          0.6183294416606855,
          -0.2461761087139007
        ],
        [
          -0.526454202691585,
          -0.32222909701657015,
          0.7867746700957354
        ],
        [
          0.40716083725513286,
          0.716824323395538,
          0.5660237998478761
        ]
      ]
    }
  },
  {
    "t": 1693895367515,
    "data": {
      "position": [
        [
          0.12984838393570486
        ],
        [
          0.21372757098789066
        ],
        [
          0.13022838948957438
        ]
      ],
      "orientation_mat": [
        [
          -0.7459590549388369,
          0.6190129534317773,
          -0.24569910833868658
        ],
        [
          -0.5265712999009337,
          -0.32231796152838876,
          0.7866598997005155
        ],
        [
          0.4077594321108936,
          0.7161941742012793,
          0.5663904575156167
        ]
      ]
    }
  },
  {
    "t": 1693895367563,
    "data": {
      "position": [
        [
          0.12984339529566483
        ],
        [
          0.21371995976819752
        ],
        [
          0.13022191506984362
        ]
      ],
      "orientation_mat": [
        [
          -0.7460384856377854,
          0.619106184291332,
          -0.24522257342974557
        ],
        [
          -0.5263953075052,
          -0.3227546811462071,
          0.7865986244805645
        ],
        [
          0.4078413394738027,
          0.7159168585600129,
          0.5666820038132295
        ]
      ]
    }
  },
  {
    "t": 1693895367595,
    "data": {
      "position": [
        [
          0.12987719429719516
        ],
        [
          0.213734774844537
        ],
        [
          0.13022359810286005
        ]
      ],
      "orientation_mat": [
        [
          -0.7457013597697414,
          0.6191610487934296,
          -0.24610785784809733
        ],
        [
          -0.5274448224252681,
          -0.3228785902362696,
          0.7858443708927466
        ],
        [
          0.40710126668230384,
          0.715813531322271,
          0.567344293213217
        ]
      ]
    }
  },
  {
    "t": 1693895367627,
    "data": {
      "position": [
        [
          0.1299513817456868
        ],
        [
          0.2136718758515027
        ],
        [
          0.13018993982481597
        ]
      ],
      "orientation_mat": [
        [
          -0.7450459920486517,
          0.6202884346235866,
          -0.2452523753288858
        ],
        [
          -0.5275171258442601,
          -0.3229331987043614,
          0.7857733967980719
        ],
        [
          0.40820601621393493,
          0.7148121480828299,
          0.5678128576212047
        ]
      ]
    }
  },
  {
    "t": 1693895367658,
    "data": {
      "position": [
        [
          0.12998921163396057
        ],
        [
          0.21364429165727739
        ],
        [
          0.13021461430455739
        ]
      ],
      "orientation_mat": [
        [
          -0.744946817891787,
          0.620597767827472,
          -0.24477060501714645
        ],
        [
          -0.5281127338836521,
          -0.3244110259058896,
          0.7847639304788562
        ],
        [
          0.4076164604414738,
          0.7138738661964362,
          0.5694145452470609
        ]
      ]
    }
  },
  {
    "t": 1693895367690,
    "data": {
      "position": [
        [
          0.13014527602790815
        ],
        [
          0.21357343574176121
        ],
        [
          0.1301516878340669
        ]
      ],
      "orientation_mat": [
        [
          -0.7443585626576888,
          0.6213660059169004,
          -0.24461115446573165
        ],
        [
          -0.5280085346122763,
          -0.3233936769869281,
          0.7852537914976732
        ],
        [
          0.4088243113793212,
          0.7136671607799765,
          0.5688074068166402
        ]
      ]
    }
  },
  {
    "t": 1693895367722,
    "data": {
      "position": [
        [
          0.13012867073449094
        ],
        [
          0.21359178528216854
        ],
        [
          0.13014998741888384
        ]
      ],
      "orientation_mat": [
        [
          -0.7446666405281335,
          0.6210659634000896,
          -0.24443539758075544
        ],
        [
          -0.5278098651516981,
          -0.32381095478644356,
          0.7852153919841598
        ],
        [
          0.408519694424993,
          0.7137391222752261,
          0.5689359582595388
        ]
      ]
    }
  },
  {
    "t": 1693895367754,
    "data": {
      "position": [
        [
          0.13011459229718664
        ],
        [
          0.2136415651093028
        ],
        [
          0.13011937013801506
        ]
      ],
      "orientation_mat": [
        [
          -0.7449755889738727,
          0.6205800470964081,
          -0.24472796525704052
        ],
        [
          -0.5277412619968133,
          -0.3238653956730936,
          0.7852390501442993
        ],
        [
          0.4080447674202454,
          0.7141369690971967,
          0.5687775111145198
        ]
      ]
    }
  },
  {
    "t": 1693895367787,
    "data": {
      "position": [
        [
          0.1301633286674092
        ],
        [
          0.213693524068084
        ],
        [
          0.1301123795386747
        ]
      ],
      "orientation_mat": [
        [
          -0.7446133443700816,
          0.6211565505572774,
          -0.24436756553558137
        ],
        [
          -0.5276771056475946,
          -0.323571045021117,
          0.785403495662783
        ],
        [
          0.4087882576119075,
          0.7137690932813824,
          0.568705408726604
        ]
      ]
    }
  },
  {
    "t": 1693895367819,
    "data": {
      "position": [
        [
          0.13017835257939148
        ],
        [
          0.21363126453969022
        ],
        [
          0.13010365049181094
        ]
      ],
      "orientation_mat": [
        [
          -0.7450086943257045,
          0.6210417567680323,
          -0.24345262728010353
        ],
        [
          -0.5266859239445595,
          -0.32369396232427283,
          0.7860179109113721
        ],
        [
          0.4093457986809863,
          0.713813249460451,
          0.5682487677038435
        ]
      ]
    }
  },
  {
    "t": 1693895367850,
    "data": {
      "position": [
        [
          0.13011923457748226
        ],
        [
          0.21363006966557013
        ],
        [
          0.13012956158390654
        ]
      ],
      "orientation_mat": [
        [
          -0.7451818214549802,
          0.620362670070772,
          -0.2446512018276234
        ],
        [
          -0.5269453876006519,
          -0.32293355704140747,
          0.7861567758551616
        ],
        [
          0.4086962337230878,
          0.7147475605549464,
          0.5675414638784703
        ]
      ]
    }
  },
  {
    "t": 1693895367883,
    "data": {
      "position": [
        [
          0.13007718053209377
        ],
        [
          0.21357214615295558
        ],
        [
          0.13010753858759355
        ]
      ],
      "orientation_mat": [
        [
          -0.7457470970770066,
          0.619466116664628,
          -0.24519991334758523
        ],
        [
          -0.5266725507241665,
          -0.32275570683950217,
          0.786412600367157
        ],
        [
          0.4080162882960901,
          0.7156049776287048,
          0.5669499311915501
        ]
      ]
    }
  },
  {
    "t": 1693895367914,
    "data": {
      "position": [
        [
          0.13007489117581153
        ],
        [
          0.21359869212690183
        ],
        [
          0.130133382903092
        ]
      ],
      "orientation_mat": [
        [
          -0.7463708984743603,
          0.6194759852780657,
          -0.24326936834370627
        ],
        [
          -0.5261294707053977,
          -0.3253554358629999,
          0.7857045376028163
        ],
        [
          0.4075760811993685,
          0.7144181856715065,
          0.5687604012376377
        ]
      ]
    }
  },
  {
    "t": 1693895367963,
    "data": {
      "position": [
        [
          0.13009747015720072
        ],
        [
          0.21363732206119165
        ],
        [
          0.13012925621404642
        ]
      ],
      "orientation_mat": [
        [
          -0.7464842508418574,
          0.6191897300351814,
          -0.24365003891653678
        ],
        [
          -0.5254646709669983,
          -0.32390744488494744,
          0.7867470029899375
        ],
        [
          0.40822560283575404,
          0.7153237346593944,
          0.5671541340961214
        ]
      ]
    }
  },
  {
    "t": 1693895367995,
    "data": {
      "position": [
        [
          0.12994134798801182
        ],
        [
          0.21363797792927436
        ],
        [
          0.130152764203377
        ]
      ],
      "orientation_mat": [
        [
          -0.7471068112295379,
          0.6185259697532363,
          -0.24342768403624604
        ],
        [
          -0.5247225357932007,
          -0.3239886188458278,
          0.7872087622029662
        ],
        [
          0.40804126390009243,
          0.7158610197511748,
          0.5666086192034354
        ]
      ]
    }
  },
  {
    "t": 1693895368027,
    "data": {
      "position": [
        [
          0.1298790705100882
        ],
        [
          0.21348684243888244
        ],
        [
          0.13014059593637672
        ]
      ],
      "orientation_mat": [
        [
          -0.7478333731812749,
          0.6171323572975618,
          -0.24473025871900372
        ],
        [
          -0.5247529275380696,
          -0.32366922784614893,
          0.7873198816146478
        ],
        [
          0.40666892061791676,
          0.7172070025605104,
          0.5658926616255294
        ]
      ]
    }
  },
  {
    "t": 1693895368059,
    "data": {
      "position": [
        [
          0.12986882476514672
        ],
        [
          0.21349431043548217
        ],
        [
          0.1301710290527785
        ]
      ],
      "orientation_mat": [
        [
          -0.7480292839130546,
          0.6173972341943066,
          -0.24346015201207613
        ],
        [
          -0.5243514323366532,
          -0.3249293092870916,
          0.7870683066752935
        ],
        [
          0.4068264566311083,
          0.7164088212574116,
          0.5667897626188595
        ]
      ]
    }
  },
  {
    "t": 1693895368092,
    "data": {
      "position": [
        [
          0.129776020916622
        ],
        [
          0.21343317150305954
        ],
        [
          0.1302454870777876
        ]
      ],
      "orientation_mat": [
        [
          -0.7483035705698828,
          0.6170191780914612,
          -0.24357565588478275
        ],
        [
          -0.5246012141764574,
          -0.32571027776056266,
          0.7865789096115683
        ],
        [
          0.40599917777866384,
          0.7163798914182857,
          0.5674191738164779
        ]
      ]
    }
  },
  {
    "t": 1693895368122,
    "data": {
      "position": [
        [
          0.12972358853812183
        ],
        [
          0.21337554926060226
        ],
        [
          0.13025893315803533
        ]
      ],
      "orientation_mat": [
        [
          -0.7487302941967353,
          0.6166276357399212,
          -0.24325563794877464
        ],
        [
          -0.5245918496513606,
          -0.32686325051923115,
          0.7861067400419403
        ],
        [
          0.4052238120242127,
          0.716191855791308,
          0.5682102497023158
        ]
      ]
    }
  },
  {
    "t": 1693895368155,
    "data": {
      "position": [
        [
          0.12971952614825857
        ],
        [
          0.2133189652911932
        ],
        [
          0.1303225310334559
        ]
      ],
      "orientation_mat": [
        [
          -0.7482878310581037,
          0.617067728951868,
          -0.24350100569924304
        ],
        [
          -0.5248893359088205,
          -0.3262858455444475,
          0.7861480344353361
        ],
        [
          0.40565565069348686,
          0.7160760887528147,
          0.5680479981277243
        ]
      ]
    }
  },
  {
    "t": 1693895368187,
    "data": {
      "position": [
        [
          0.12963685471048286
        ],
        [
          0.2131674314351226
        ],
        [
          0.13034079956273426
        ]
      ],
      "orientation_mat": [
        [
          -0.7493075515251435,
          0.6162985635359612,
          -0.24231028416248646
        ],
        [
          -0.5248101781748289,
          -0.32948909276750493,
          0.7848638191631405
        ],
        [
          0.40387184862465797,
          0.7152712900227138,
          0.570328424294059
        ]
      ]
    }
  },
  {
    "t": 1693895368219,
    "data": {
      "position": [
        [
          0.12971354971715437
        ],
        [
          0.21309626528114742
        ],
        [
          0.13034217094968498
        ]
      ],
      "orientation_mat": [
        [
          -0.7494231179074005,
          0.6157186191388053,
          -0.24342467498541145
        ],
        [
          -0.5246324147874255,
          -0.3279612156231069,
          0.7856222186275847
        ],
        [
          0.40388837529726596,
          0.7164719276376545,
          0.5688076627533406
        ]
      ]
    }
  },
  {
    "t": 1693895368251,
    "data": {
      "position": [
        [
          0.12978370746061355
        ],
        [
          0.2130600359141198
        ],
        [
          0.13033051538149068
        ]
      ],
      "orientation_mat": [
        [
          -0.7500967139790231,
          0.6157071671587584,
          -0.24137026326208474
        ],
        [
          -0.5233046237099328,
          -0.329440522844968,
          0.7858888042919555
        ],
        [
          0.4043602236640952,
          0.7158027844434321,
          0.5693146610630645
        ]
      ]
    }
  },
  {
    "t": 1693895368283,
    "data": {
      "position": [
        [
          0.12969770990320167
        ],
        [
          0.21312535757211717
        ],
        [
          0.13036192251728135
        ]
      ],
      "orientation_mat": [
        [
          -0.7500975152533789,
          0.6153767888852933,
          -0.24220884647744015
        ],
        [
          -0.5234384059059826,
          -0.3286081152474517,
          0.7861481678514052
        ],
        [
          0.40418554258324346,
          0.7164691998228133,
          0.5685999761448695
        ]
      ]
    }
  },
  {
    "t": 1693895368315,
    "data": {
      "position": [
        [
          0.12968102175667584
        ],
        [
          0.21310090241585392
        ],
        [
          0.13032240813399945
        ]
      ],
      "orientation_mat": [
        [
          -0.7505666348093698,
          0.6145583922420078,
          -0.24283267744654208
        ],
        [
          -0.5234443835581367,
          -0.3286656474058649,
          0.7861201368345209
        ],
        [
          0.4033059682578231,
          0.7171449468135448,
          0.5683726077384601
        ]
      ]
    }
  },
  {
    "t": 1693895368363,
    "data": {
      "position": [
        [
          0.12990546913560758
        ],
        [
          0.21323691136527384
        ],
        [
          0.1302997784557013
        ]
      ],
      "orientation_mat": [
        [
          -0.7498279732077255,
          0.6167786883251726,
          -0.23946202250685622
        ],
        [
          -0.5224409881005637,
          -0.3298683095179191,
          0.7862838624366502
        ],
        [
          0.4059721967668489,
          0.7146824105878569,
          0.5695749533192528
        ]
      ]
    }
  },
  {
    "t": 1693895368395,
    "data": {
      "position": [
        [
          0.12991400709632595
        ],
        [
          0.21331344098684513
        ],
        [
          0.1302859585792521
        ]
      ],
      "orientation_mat": [
        [
          -0.7481974353718059,
          0.6176253076427525,
          -0.2423624910382125
        ],
        [
          -0.525045226705461,
          -0.3278485938475844,
          0.7853934106076856
        ],
        [
          0.4056206449588866,
          0.7148806046266447,
          0.5695766967773346
        ]
      ]
    }
  },
  {
    "t": 1693895368427,
    "data": {
      "position": [
        [
          0.1297212371093551
        ],
        [
          0.21328216479817125
        ],
        [
          0.13027065421787398
        ]
      ],
      "orientation_mat": [
        [
          -0.7488330972535253,
          0.6157687390353339,
          -0.24510783848038625
        ],
        [
          -0.5261310718118906,
          -0.32741534549651335,
          0.7848473015864101
        ],
        [
          0.40303236561318917,
          0.7166784854872046,
          0.5691545139134032
        ]
      ]
    }
  },
  {
    "t": 1693895368459,
    "data": {
      "position": [
        [
          0.1297448165451252
        ],
        [
          0.21330609121361707
        ],
        [
          0.1302631672831494
        ]
      ],
      "orientation_mat": [
        [
          -0.7483469880206856,
          0.616580137756096,
          -0.24455207879926433
        ],
        [
          -0.5260124112271911,
          -0.3270393846759184,
          0.7850835523087674
        ],
        [
          0.40408876346085687,
          0.7161523403546695,
          0.5690677434622395
        ]
      ]
    }
  },
  {
    "t": 1693895368491,
    "data": {
      "position": [
        [
          0.12977589640778758
        ],
        [
          0.21337708632252558
        ],
        [
          0.13026450097524428
        ]
      ],
      "orientation_mat": [
        [
          -0.7477791763340712,
          0.6173535335458185,
          -0.24433771313415809
        ],
        [
          -0.5261643365547486,
          -0.326564583051971,
          0.7851793833475211
        ],
        [
          0.40494122336339045,
          0.7157025832806421,
          0.5690276073323475
        ]
      ]
    }
  },
  {
    "t": 1693895368523,
    "data": {
      "position": [
        [
          0.1297923967353033
        ],
        [
          0.21338114215269754
        ],
        [
          0.13023602008408136
        ]
      ],
      "orientation_mat": [
        [
          -0.7470431323568274,
          0.6173100062851119,
          -0.24668788891790955
        ],
        [
          -0.5270374731951272,
          -0.32380496807004994,
          0.7857364981348708
        ],
        [
          0.40516423860774703,
          0.7169928164168936,
          0.5672417835103262
        ]
      ]
    }
  },
  {
    "t": 1693895368555,
    "data": {
      "position": [
        [
          0.12985676629422943
        ],
        [
          0.21345091639026634
        ],
        [
          0.13021699517119548
        ]
      ],
      "orientation_mat": [
        [
          -0.7467453211907588,
          0.6180680938791041,
          -0.24568934980654245
        ],
        [
          -0.526911967113187,
          -0.3243231408699746,
          0.7856069495677509
        ],
        [
          0.4058758482499575,
          0.7161049724899875,
          0.5678542631542818
        ]
      ]
    }
  },
  {
    "t": 1693895368587,
    "data": {
      "position": [
        [
          0.1300253378261068
        ],
        [
          0.2135598628643741
        ],
        [
          0.13021426333721403
        ]
      ],
      "orientation_mat": [
        [
          -0.7456694126432053,
          0.6197229149871263,
          -0.24478691894828913
        ],
        [
          -0.5273506696278821,
          -0.3243319080748898,
          0.7853089103324408
        ],
        [
          0.40728171858231205,
          0.714669379534593,
          0.5686556775978572
        ]
      ]
    }
  },
  {
    "t": 1693895368619,
    "data": {
      "position": [
        [
          0.1298856173271215
        ],
        [
          0.21360801883962213
        ],
        [
          0.13022725378368846
        ]
      ],
      "orientation_mat": [
        [
          -0.7452738096181131,
          0.6198034904694321,
          -0.24578564217466634
        ],
        [
          -0.5280390829089217,
          -0.32357516675436915,
          0.7851584797864615
        ],
        [
          0.4071138361908244,
          0.7149424764705137,
          0.5684325639160726
        ]
      ]
    }
  },
  {
    "t": 1693895368650,
    "data": {
      "position": [
        [
          0.12949523399143759
        ],
        [
          0.21358584239896927
        ],
        [
          0.13023631642031636
        ]
      ],
      "orientation_mat": [
        [
          -0.7460245645049091,
          0.6183559011754632,
          -0.247150417027246
        ],
        [
          -0.528092291450729,
          -0.3232689194142477,
          0.7852488379176776
        ],
        [
          0.4056672045723922,
          0.7163331523964429,
          0.5677155396078178
        ]
      ]
    }
  },
  {
    "t": 1693895368684,
    "data": {
      "position": [
        [
          0.12931230613036554
        ],
        [
          0.21366536818700446
        ],
        [
          0.13021480650615574
        ]
      ],
      "orientation_mat": [
        [
          -0.7456107090199247,
          0.6178984726803045,
          -0.24953185779405418
        ],
        [
          -0.5293000698904053,
          -0.32164453777142604,
          0.7851026858544159
        ],
        [
          0.40485319142723475,
          0.7174582000236338,
          0.5668753166349988
        ]
      ]
    }
  },
  {
    "t": 1693895368714,
    "data": {
      "position": [
        [
          0.12933867704413424
        ],
        [
          0.21382361822006604
        ],
        [
          0.1301662463102698
        ]
      ],
      "orientation_mat": [
        [
          -0.7449391854828741,
          0.6183975449234683,
          -0.2502999927381926
        ],
        [
          -0.5296829813259706,
          -0.32015425378125306,
          0.7854534951729484
        ],
        [
          0.4055879056699593,
          0.7176947333082473,
          0.5660501042804078
        ]
      ]
    }
  },
  {
    "t": 1693895368762,
    "data": {
      "position": [
        [
          0.12934818113019017
        ],
        [
          0.21400399380032234
        ],
        [
          0.1301662620697842
        ]
      ],
      "orientation_mat": [
        [
          -0.7438016143869316,
          0.620231755205539,
          -0.24914198415773073
        ],
        [
          -0.5306223558835819,
          -0.3212663819118003,
          0.7843646009923312
        ],
        [
          0.40644688936188456,
          0.7156119630693424,
          0.5680672886552178
        ]
      ]
    }
  },
  {
    "t": 1693895368794,
    "data": {
      "position": [
        [
          0.12935026449727086
        ],
        [
          0.2139120417957887
        ],
        [
          0.13013463430970276
        ]
      ],
      "orientation_mat": [
        [
          -0.7436529454310514,
          0.6200303757663704,
          -0.2500852452239736
        ],
        [
          -0.5306369867803536,
          -0.31983609003075064,
          0.7849390191438493
        ],
        [
          0.40669974798663,
          0.7164266945339591,
          0.5668581007154759
        ]
      ]
    }
  },
  {
    "t": 1693895368827,
    "data": {
      "position": [
        [
          0.1295001502942722
        ],
        [
          0.21395300616815668
        ],
        [
          0.1300829318331381
        ]
      ],
      "orientation_mat": [
        [
          -0.7429979105725149,
          0.6204859844393563,
          -0.25090087285459967
        ],
        [
          -0.5319192365928141,
          -0.3199076112809966,
          0.7840414823126417
        ],
        [
          0.4062216520908198,
          0.7160001839097595,
          0.5677391179175477
        ]
      ]
    }
  },
  {
    "t": 1693895368858,
    "data": {
      "position": [
        [
          0.12974671987964215
        ],
        [
          0.21413621733833813
        ],
        [
          0.12997803720899923
        ]
      ],
      "orientation_mat": [
        [
          -0.7417261820150876,
          0.6222519434951729,
          -0.2502894119410596
        ],
        [
          -0.5317904134612873,
          -0.3182179076486476,
          0.7848161054682744
        ],
        [
          0.4087067739394521,
          0.7152201633540519,
          0.5669381719974486
        ]
      ]
    }
  },
  {
    "t": 1693895368891,
    "data": {
      "position": [
        [
          0.12988227778087025
        ],
        [
          0.21428556301051183
        ],
        [
          0.12990848105530092
        ]
      ],
      "orientation_mat": [
        [
          -0.7403763653254505,
          0.6241143128554866,
          -0.24964807661265648
        ],
        [
          -0.5325981155307432,
          -0.31807954604276595,
          0.7843243268714344
        ],
        [
          0.410100091441804,
          0.7136572895151787,
          0.5679006850861091
        ]
      ]
    }
  },
  {
    "t": 1693895368922,
    "data": {
      "position": [
        [
          0.12991673380124646
        ],
        [
          0.21431980101661718
        ],
        [
          0.129878801510054
        ]
      ],
      "orientation_mat": [
        [
          -0.7391502239898184,
          0.6246252024239765,
          -0.25199266432300704
        ],
        [
          -0.5348152410365263,
          -0.31686389667245735,
          0.783307046400445
        ],
        [
          0.4094259448677424,
          0.7137510963090377,
          0.568269098391602
        ]
      ]
    }
  },
  {
    "t": 1693895368955,
    "data": {
      "position": [
        [
          0.12907683511077472
        ],
        [
          0.21462397783637863
        ],
        [
          0.13004072522161997
        ]
      ],
      "orientation_mat": [
        [
          -0.7362379417321374,
          0.6237767350423471,
          -0.2624047979247627
        ],
        [
          -0.5420020243374355,
          -0.3113564298560804,
          0.7805709315631718
        ],
        [
          0.4052005661004783,
          0.7169098677010838,
          0.5673206701898557
        ]
      ]
    }
  },
  {
    "t": 1693895368986,
    "data": {
      "position": [
        [
          0.12775648435315456
        ],
        [
          0.21463906418498924
        ],
        [
          0.13006142870610155
        ]
      ],
      "orientation_mat": [
        [
          -0.7375295715659398,
          0.6155303496127914,
          -0.2777994236338804
        ],
        [
          -0.5507094352715401,
          -0.31011218848502836,
          0.774951320055607
        ],
        [
          0.39085706974373974,
          0.7245362787732449,
          0.5676952807384931
        ]
      ]
    }
  },
  {
    "t": 1693895369019,
    "data": {
      "position": [
        [
          0.12769757659776748
        ],
        [
          0.21528189159203132
        ],
        [
          0.12989264705027972
        ]
      ],
      "orientation_mat": [
        [
          -0.7363035320646422,
          0.6147476193148435,
          -0.2827410002384957
        ],
        [
          -0.5535377813995065,
          -0.3069070751414795,
          0.7742118390927737
        ],
        [
          0.38916967152187587,
          0.726562737672966,
          0.5662627967584672
        ]
      ]
    }
  },
  {
    "t": 1693895369051,
    "data": {
      "position": [
        [
          0.12811041903892953
        ],
        [
          0.2159598228404854
        ],
        [
          0.1296402426413667
        ]
      ],
      "orientation_mat": [
        [
          -0.7333589378449142,
          0.6195176628470699,
          -0.2799688084474474
        ],
        [
          -0.5517699255617038,
          -0.3018124237939077,
          0.7774697486650388
        ],
        [
          0.3971581769630472,
          0.7246427576841923,
          0.563168053255188
        ]
      ]
    }
  },
  {
    "t": 1693895369083,
    "data": {
      "position": [
        [
          0.1278400081438138
        ],
        [
          0.21627951150811256
        ],
        [
          0.1297075430611925
        ]
      ],
      "orientation_mat": [
        [
          -0.7307340858489991,
          0.6211216136507978,
          -0.2832589572003977
        ],
        [
          -0.5545810790651766,
          -0.29815968864026043,
          0.7768787722758598
        ],
        [
          0.39807979416359734,
          0.7247818576135664,
          0.562337742244726
        ]
      ]
    }
  },
  {
    "t": 1693895369115,
    "data": {
      "position": [
        [
          0.12721376962358724
        ],
        [
          0.21641727541457048
        ],
        [
          0.12978476974077174
        ]
      ],
      "orientation_mat": [
        [
          -0.7308046908122978,
          0.6192042289240749,
          -0.28724663056210686
        ],
        [
          -0.5579874640265334,
          -0.2995447363573385,
          0.7739011183024939
        ],
        [
          0.393159629000715,
          0.725850586417862,
          0.5644168958499257
        ]
      ]
    }
  },
  {
    "t": 1693895369163,
    "data": {
      "position": [
        [
          0.12706315930986825
        ],
        [
          0.21653341899704037
        ],
        [
          0.12969055232285237
        ]
      ],
      "orientation_mat": [
        [
          -0.7294216146602277,
          0.6187471469300451,
          -0.29171231758771454
        ],
        [
          -0.5605264755008722,
          -0.2961812260577933,
          0.7733606866097298
        ],
        [
          0.3921150065083412,
          0.7276184779792441,
          0.5628651456380401
        ]
      ]
    }
  },
  {
    "t": 1693895369195,
    "data": {
      "position": [
        [
          0.1275088030406611
        ],
        [
          0.2167560919599503
        ],
        [
          0.12955859825132704
        ]
      ],
      "orientation_mat": [
        [
          -0.7301804776674027,
          0.6206929779877562,
          -0.2856163460134844
        ],
        [
          -0.556599195984829,
          -0.29791615027447466,
          0.7755277573592572
        ],
        [
          0.39627491096768364,
          0.7252490568641421,
          0.5630097694136645
        ]
      ]
    }
  },
  {
    "t": 1693895369227,
    "data": {
      "position": [
        [
          0.1284565243114773
        ],
        [
          0.21709932045984529
        ],
        [
          0.129318936609377
        ]
      ],
      "orientation_mat": [
        [
          -0.7303652219762502,
          0.6247374126403645,
          -0.27616988933445646
        ],
        [
          -0.5499007943811599,
          -0.29794693822189444,
          0.7802799102521915
        ],
        [
          0.40518607930992917,
          0.7217553513841249,
          0.5611536811621447
        ]
      ]
    }
  },
  {
    "t": 1693895369259,
    "data": {
      "position": [
        [
          0.12960805925010016
        ],
        [
          0.21740372908943187
        ],
        [
          0.12900088741961613
        ]
      ],
      "orientation_mat": [
        [
          -0.7311246730302134,
          0.6289880479509072,
          -0.26425508135392706
        ],
        [
          -0.5413334640488746,
          -0.29909556334210374,
          0.7858116343564248
        ],
        [
          0.41522860352739344,
          0.7175763928140173,
          0.5591684247958877
        ]
      ]
    }
  },
  {
    "t": 1693895369291,
    "data": {
      "position": [
        [
          0.13060696556949491
        ],
        [
          0.2176694899857812
        ],
        [
          0.12872173302359613
        ]
      ],
      "orientation_mat": [
        [
          -0.7335170499780492,
          0.6304478938664589,
          -0.2539452510106184
        ],
        [
          -0.5309336353810962,
          -0.2982312879291868,
          0.7932008407213847
        ],
        [
          0.4243373801735043,
          0.7166544160328913,
          0.553483726741846
        ]
      ]
    }
  },
  {
    "t": 1693895369323,
    "data": {
      "position": [
        [
          0.13118462166045364
        ],
        [
          0.2181534938717319
        ],
        [
          0.12860765650782185
        ]
      ],
      "orientation_mat": [
        [
          -0.7358304441957717,
          0.6317644400846322,
          -0.24377704904113634
        ],
        [
          -0.5219555749138772,
          -0.2997993058166213,
          0.7985504079569405
        ],
        [
          0.43141156128571384,
          0.714838491182745,
          0.5503544279031466
        ]
      ]
    }
  },
  {
    "t": 1693895369355,
    "data": {
      "position": [
        [
          0.1313028406305629
        ],
        [
          0.21842017071106085
        ],
        [
          0.12849295494331484
        ]
      ],
      "orientation_mat": [
        [
