[
  {
    "t": 1693895367163,
    "data": {
      "position": [
        [
          0.12964466250021128
        ],
        [
          0.2144318642163595
        ],
        [
          0.13031889324919743
        ]
      ],
      "orientation_mat": [
        [
          -0.7453411713328444,
          0.6238130026197872,
          -0.2352102805548027
        ],
        [
          -0.530559631789258,
          -0.34137861547599746,
          0.7758653994162508
        ],
        [
          0.40369916451713234,
          0.7030775054417377,
          0.5854135341021707
        ]
      ]
    }
  },
  {
    "t": 1693895367196,
    "data": {
      "position": [
        [
          0.12962145022742289
        ],
        [
          0.2144026891130175
        ],
        [
          0.13030582081344572
        ]
      ],
      "orientation_mat": [
        [
          -0.744935313551576,
          0.6232025363336556,
          -0.2380965714392249
        ],
        [
          -0.5325426969168533,
          -0.3405196792959502,
          0.774883619631173
        ],
        [
          0.40183286896960024,
          0.704034762436829,
          0.5855470934913597
        ]
      ]
    }
  },
  {
    "t": 1693895367226,
    "data": {
      "position": [
        [
          0.12962829859565525
        ],
        [
          0.21440081772545877
        ],
        [
          0.1302975777322261
        ]
      ],
      "orientation_mat": [
        [
          -0.743790306920633,
          0.6237570181312869,
          -0.24021482398652283
        ],
        [
          -0.534480783238728,
          -0.3392121558757163,
          0.7741223454045649
        ],
        [
          0.4013804575205755,
          0.7041749041524514,
          0.5856888531314721
        ]
      ]
    }
  },
  {
    "t": 1693895367258,
    "data": {
      "position": [
        [
          0.129597233456072
        ],
        [
          0.2143577353426654
        ],
        [
          0.13028755318433782
        ]
      ],
      "orientation_mat": [
        [
          -0.7451329152150551,
          0.6228870813391426,
          -0.2383036352301785
        ],
        [
          -0.5310309406540185,
          -0.33797263820780343,
          0.7770332270186172
        ],
        [
          0.40346385058790823,
          0.7055396372448978,
          0.5826068498954653
        ]
      ]
    }
  },
  {
    "t": 1693895367291,
    "data": {
      "position": [
        [
          0.12950772914501127
        ],
        [
          0.21449184755937506
        ],
        [
          0.13029632745576353
        ]
      ],
      "orientation_mat": [
        [
          -0.7449803953314642,
          0.6239506239066531,
          -0.23598692654101305
        ],
        [
          -0.5320073307285401,
          -0.34228591382034945,
          0.7744730810372054
        ],
        [
          0.40245796131132605,
          0.7025140369605907,
          0.5869426013252608
        ]
      ]
    }
  },
  {
    "t": 1693895367322,
    "data": {
      "position": [
        [
          0.12952411339775644
        ],
        [
          0.21447578618858149
        ],
        [
          0.13026723777977983
        ]
      ],
      "orientation_mat": [
        [
          -0.7426277507254996,
          0.624124184233989,
          -0.24284362562489292
        ],
        [
          -0.5372615693415553,
          -0.3387333629845355,
          0.7724051494583888
        ],
        [
          0.3998174958165718,
          0.7040800461988996,
          0.5868707341344606
        ]
      ]
    }
  },
  {
    "t": 1693895367355,
    "data": {
      "position": [
        [
          0.12952293119991956
        ],
        [
          0.21444464887354614
        ],
        [
          0.13025961785936263
        ]
      ],
      "orientation_mat": [
        [
          -0.7430830708167282,
          0.623882584670937,
          -0.24207038317376323
        ],
        [
          -0.5358176619018447,
          -0.33797688190095754,
          0.7737383669526455
        ],
        [
          0.4009076989278478,
          0.7046574684517418,
          0.5854322070876874
        ]
      ]
    }
  },
  {
    "t": 1693895367387,
    "data": {
      "position": [
        [
          0.12947546181695332
        ],
        [
          0.21453503811189417
        ],
        [
          0.1303142313468849
        ]
      ],
      "orientation_mat": [
        [
          -0.7457260725336478,
          0.6237223397848054,
          -0.23422866519046803
        ],
        [
          -0.5302628334216345,
          -0.3427772762076396,
          0.7754515242149772
        ],
        [
          0.4033781752093195,
          0.7024771752655309,
          0.5863547271027668
        ]
      ]
    }
  },
  {
    "t": 1693895367419,
    "data": {
      "position": [
        [
          0.12951792440758012
        ],
        [
          0.21440341122389733
        ],
        [
          0.13029197643160934
        ]
      ],
      "orientation_mat": [
        [
          -0.7461557880374883,
          0.6228314634513312,
          -0.2352286294506426
        ],
        [
          -0.5285566222094602,
          -0.33933426732195965,
          0.7781260515749325
        ],
        [
          0.40482025282423884,
          0.7049349070347856,
          0.5823979221693509
        ]
      ]
    }
  },
  {
    "t": 1693895367451,
    "data": {
      "position": [
        [
          0.12956967823174204
        ],
        [
          0.21440442564009426
        ],
        [
          0.13026361083159915
        ]
      ],
      "orientation_mat": [
        [
          -0.7436416818707131,
          0.6243970496781001,
          -0.23900914906710433
        ],
        [
          -0.5342706060424648,
          -0.34007029386116194,
          0.7738908933126167
        ],
        [
          0.4019352789983909,
          0.7031930884091986,
          0.5864874354238276
        ]
      ]
    }
  },
  {
    "t": 1693895367482,
    "data": {
      "position": [
        [
          0.12965436991492107
        ],
        [
          0.21439275866640894
        ],
        [
          0.1302798073331996
        ]
      ],
      "orientation_mat": [
        [
          -0.7441699109034714,
          0.623832890721402,
          -0.23883816311489847
        ],
        [
          -0.5327993326514494,
          -0.33866336865143315,
          0.7755204664351764
        ],
        [
          0.40290943750685415,
          0.7043718103301996,
          0.5844008367379938
        ]
      ]
    }
  },
  {
    "t": 1693895367515,
    "data": {
      "position": [
        [
          0.12970486978973708
        ],
        [
          0.21433714650262609
        ],
        [
          0.13024311278656378
        ]
      ],
      "orientation_mat": [
        [
          -0.7437389930080202,
          0.6244368434961212,
          -0.2386020510473812
        ],
        [
          -0.532899027974812,
          -0.33835483292422625,
          0.7755866379846417
        ],
        [
          0.403572714963384,
          0.7039848262011192,
          0.584409469649204
        ]
      ]
    }
  },
  {
    "t": 1693895367563,
    "data": {
      "position": [
        [
          0.12973931369329775
        ],
        [
          0.2141865612872158
        ],
        [
          0.13020954053487688
        ]
      ],
      "orientation_mat": [
        [
          -0.744767613803133,
          0.6229753064027571,
          -0.23921322923780397
        ],
        [
          -0.5295393720588731,
          -0.33357765794461636,
          0.7799448695643038
        ],
        [
          0.4060902053355654,
          0.7075505026021643,
          0.5783277888861496
        ]
      ]
    }
  },
  {
    "t": 1693895367595,
    "data": {
      "position": [
        [
          0.12970704046801357
        ],
        [
          0.21440807838707784
        ],
        [
          0.13025594070889535
        ]
      ],
      "orientation_mat": [
        [
          -0.7436878362913641,
          0.6251139152182996,
          -0.2369831115348042
        ],
        [
          -0.5335824252518766,
          -0.3414615193364393,
          0.7737530783620674
        ],
        [
          0.4027632029053728,
          0.7018807760673451,
          0.5874905774329545
        ]
      ]
    }
  },
  {
    "t": 1693895367627,
    "data": {
      "position": [
        [
          0.12977817715039314
        ],
        [
          0.21437434168224875
        ],
        [
          0.13022522159725386
        ]
      ],
      "orientation_mat": [
        [
          -0.7424794332885408,
          0.6267420509798634,
          -0.23647133584661267
        ],
        [
          -0.5348348432172483,
          -0.3420930227971164,
          0.772608603520769
        ],
        [
          0.40333110669065514,
          0.7001191079288479,
          0.5892005202718387
        ]
      ]
    }
  },
  {
    "t": 1693895367658,
    "data": {
      "position": [
        [
          0.1297898740902173
        ],
        [
          0.21436609868569653
        ],
        [
          0.13026642534268998
        ]
      ],
      "orientation_mat": [
        [
          -0.7436741134043051,
          0.626675727053631,
          -0.23286551091590135
        ],
        [
          -0.5326551030583035,
          -0.34491418500073195,
          0.772860107762866
        ],
        [
          0.4040140520307045,
          0.6987930581417389,
          0.5903057747088768
        ]
      ]
    }
  },
  {
    "t": 1693895367690,
    "data": {
      "position": [
        [
          0.1299589282252549
        ],
        [
          0.2142761439476986
        ],
        [
          0.1301949022719744
        ]
      ],
      "orientation_mat": [
        [
          -0.7426258779200141,
          0.6274251174224372,
          -0.23418908486726958
        ],
        [
          -0.533530586107885,
          -0.3429108555486938,
          0.7731476306852656
        ],
        [
          0.4047862635155807,
          0.6991064777087277,
          0.5894049657873535
        ]
      ]
    }
  },
  {
    "t": 1693895367722,
    "data": {
      "position": [
        [
          0.12992847511514488
        ],
        [
          0.21428101445650344
        ],
        [
          0.13020063713856675
        ]
      ],
      "orientation_mat": [
        [
          -0.7441995357944392,
          0.6265970302720849,
          -0.23139406340168955
        ],
        [
          -0.5303219221876281,
          -0.34364835250046083,
          0.7750254632403624
        ],
        [
          0.40611046498528014,
          0.6994869344583379,
          0.5880410859383182
        ]
      ]
    }
  },
  {
    "t": 1693895367754,
    "data": {
      "position": [
        [
          0.12993605609132303
        ],
        [
          0.21438959414862738
        ],
        [
          0.13016097492588008
        ]
      ],
      "orientation_mat": [
        [
          -0.7416066117881284,
          0.6275794918203418,
          -0.23698863854339897
        ],
        [
          -0.5371668964691726,
          -0.3439323997145599,
          0.7701702602439681
        ],
        [
          0.4018349893797322,
          0.6984658086643224,
          0.5921774695453085
        ]
      ]
    }
  },
  {
    "t": 1693895367787,
    "data": {
      "position": [
        [
          0.12999645304540045
        ],
        [
          0.214377179608109
        ],
        [
          0.13014430068528993
        ]
      ],
      "orientation_mat": [
        [
          -0.7420351215669049,
          0.6272455711316866,
          -0.23653091099658222
        ],
        [
          -0.5351823664199326,
          -0.34182297609872475,
          0.7724874676550888
        ],
        [
          0.4036876429051921,
          0.6998000046489676,
          0.5893354227084568
        ]
      ]
    }
  },
  {
    "t": 1693895367819,
    "data": {
      "position": [
        [
          0.12993813500882467
        ],
        [
          0.2144405177684952
        ],
        [
          0.1301825498281155
        ]
      ],
      "orientation_mat": [
        [
          -0.744180453214734,
          0.6277311309814341,
          -0.22836173114136854
        ],
        [
          -0.5305511492883829,
          -0.34775065285237894,
          0.7730361967136599
        ],
        [
          0.4058459449617417,
          0.6964360061323036,
          0.5918327114316992
        ]
      ]
    }
  },
  {
    "t": 1693895367850,
    "data": {
      "position": [
        [
          0.12992476953540918
        ],
        [
          0.21438901954452771
        ],
        [
          0.1301796163660418
        ]
      ],
      "orientation_mat": [
        [
          -0.742581695259198,
          0.6272503517196444,
          -0.2347965547736121
        ],
        [
          -0.5347248187218543,
          -0.34414910490657236,
          0.7717711848954227
        ],
        [
          0.4032887230122551,
          0.6986547000196788,
          0.5909651563599643
        ]
      ]
    }
  },
  {
    "t": 1693895367883,
    "data": {
      "position": [
        [
          0.12987050310277426
        ],
        [
          0.21433736176194798
        ],
        [
          0.13016463198392425
        ]
      ],
      "orientation_mat": [
        [
          -0.7438313865776436,
          0.6262250542941531,
          -0.23357450570699106
        ],
        [
          -0.5329211152813967,
          -0.34478385243659165,
          0.772734870435012
        ],
        [
          0.4033732182845216,
          0.6992612362152414,
          0.5901896053790849
        ]
      ]
    }
  },
  {
    "t": 1693895367914,
    "data": {
      "position": [
        [
          0.12986796783359947
        ],
        [
          0.21447406438402764
        ],
        [
          0.13019797563967878
        ]
      ],
      "orientation_mat": [
        [
          -0.7417899628535956,
          0.6279407384038517,
          -0.23545292536404527
        ],
        [
          -0.5388799715605362,
          -0.34912670864175205,
          0.7666282786095832
        ],
        [
          0.3991942224789542,
          0.6955580280363404,
          0.5973633754873331
        ]
      ]
    }
  },
  {
    "t": 1693895367963,
    "data": {
      "position": [
        [
          0.12988941655593214
        ],
        [
          0.21438952839261446
        ],
        [
          0.1301870891072625
        ]
      ],
      "orientation_mat": [
        [
          -0.7449683400802469,
          0.6255891687976922,
          -0.2316470681038162
        ],
        [
          -0.5308441127916359,
          -0.34561940130445645,
          0.7737905125784432
        ],
        [
          0.40401324259551497,
          0.6994179160737604,
          0.5895658389717775
        ]
      ]
    }
  },
  {
    "t": 1693895367995,
    "data": {
      "position": [
        [
          0.1297517907632498
        ],
        [
          0.21433020628547828
        ],
        [
          0.1301972378602635
        ]
      ],
      "orientation_mat": [
        [
          -0.7458870447710769,
          0.6243291445002287,
          -0.23208971491705976
        ],
        [
          -0.5291369857090679,
          -0.3437699804880481,
          0.7757810585918998
        ],
        [
          0.40455724786164826,
          0.7014522933477798,
          0.5867692164384133
        ]
      ]
    }
  },
  {
    "t": 1693895368027,
    "data": {
      "position": [
        [
          0.12969298080395303
        ],
        [
          0.21419411566318924
        ],
        [
          0.13018414594879885
        ]
      ],
      "orientation_mat": [
        [
          -0.7460673166929548,
          0.623297231508821,
          -0.23427360106510822
        ],
        [
          -0.5304752597875555,
          -0.3437095135591555,
          0.7748933920496768
        ],
        [
          0.40246684051720294,
          0.7023989831159836,
          0.5870741953124258
        ]
      ]
    }
  },
  {
    "t": 1693895368059,
    "data": {
      "position": [
        [
          0.12968441942751627
        ],
        [
          0.21427388658005966
        ],
        [
          0.1302174619004482
        ]
      ],
      "orientation_mat": [
        [
          -0.7443792256661698,
          0.6246764553821121,
          -0.23596375672520936
        ],
        [
          -0.5348989011272113,
          -0.3462765100253962,
          0.7706982186157783
        ],
        [
          0.39972832520292517,
          0.6999084973736727,
          0.5918997899430218
        ]
      ]
    }
  },
  {
    "t": 1693895368092,
    "data": {
      "position": [
        [
          0.12961929408008518
        ],
        [
          0.21411748930819344
        ],
        [
          0.1302720509025567
        ]
      ],
      "orientation_mat": [
        [
          -0.7452111488527408,
          0.6233875996750945,
          -0.23674510384990494
        ],
        [
          -0.5331255000167673,
          -0.34372052741884707,
          0.7730675263279279
        ],
        [
          0.4005465576652109,
          0.7023133913020836,
          0.588488194903106
        ]
      ]
    }
  },
  {
    "t": 1693895368122,
    "data": {
      "position": [
        [
          0.12955784160942016
        ],
        [
          0.21401443825815006
        ],
        [
          0.1302890575293177
        ]
      ],
      "orientation_mat": [
        [
          -0.7474011562637302,
          0.6219770039203759,
          -0.23352969449273855
        ],
        [
          -0.5288566656156953,
          -0.3442300451974484,
          0.7757682019889777
        ],
        [
          0.40212204471961965,
          0.7033137867108786,
          0.5862146181842595
        ]
      ]
    }
  },
  {
    "t": 1693895368155,
    "data": {
      "position": [
        [
          0.1295303946821967
        ],
        [
          0.21409018078550784
        ],
        [
          0.13037155842188758
        ]
      ],
      "orientation_mat": [
        [
          -0.7452741314657375,
          0.6241140412767994,
          -0.23462338427601787
        ],
        [
          -0.5336926253164429,
          -0.3474553669988521,
          0.771003858373313
        ],
        [
          0.39967317979923705,
          0.6998260008207999,
          0.5920345580490484
        ]
      ]
    }
  },
  {
    "t": 1693895368187,
    "data": {
      "position": [
        [
          0.12949163013387632
        ],
        [
          0.2137641714967636
        ],
        [
          0.1303589608989066
        ]
      ],
      "orientation_mat": [
        [
          -0.747738554141403,
          0.6212375382808849,
          -0.23441624449092713
        ],
        [
          -0.5294087600913292,
          -0.34470645170960396,
          0.7751798674426057
        ],
        [
          0.4007660407133886,
          0.7037338866222661,
          0.5866388986680255
        ]
      ]
    }
  },
  {
    "t": 1693895368219,
    "data": {
      "position": [
        [
          0.12957619663822154
        ],
        [
          0.2136787710468567
        ],
        [
          0.13035445491978107
        ]
      ],
      "orientation_mat": [
        [
          -0.747654887223676,
          0.6206670569727776,
          -0.2361875822292591
        ],
        [
          -0.5296076677303411,
          -0.3426910126698627,
          0.7759372320726288
        ],
        [
          0.40065931649193043,
          0.7052200183092185,
          0.5849246429106608
        ]
      ]
    }
  },
  {
    "t": 1693895368251,
    "data": {
      "position": [
        [
          0.12966360733225635
        ],
        [
          0.21361178122633237
        ],
        [
          0.13033262814259827
        ]
      ],
      "orientation_mat": [
        [
          -0.7479269060687501,
          0.6203697098341825,
          -0.23610753121973754
        ],
        [
          -0.5291987172989314,
          -0.3425676865279151,
          0.7762706343512409
        ],
        [
          0.4006919774435131,
          0.7055414964884521,
          0.5845144445993127
        ]
      ]
    }
  },
  {
    "t": 1693895368283,
    "data": {
      "position": [
        [
          0.12953779850185185
        ],
        [
          0.2137891074942972
        ],
        [
          0.13039037517508476
        ]
      ],
      "orientation_mat": [
        [
          -0.7478339399704375,
          0.6212149759134103,
          -0.2341716292149696
        ],
        [
          -0.5299110558318522,
          -0.3460685442319567,
          0.774229188031778
        ],
        [
          0.39992333157177007,
          0.7030849994090866,
          0.5879904867176518
        ]
      ]
    }
  },
  {
    "t": 1693895368315,
    "data": {
      "position": [
        [
          0.1294850690845514
        ],
        [
          0.21394574701832828
        ],
        [
          0.13038104329654288
        ]
      ],
      "orientation_mat": [
        [
          -0.7463168952691902,
          0.6226333776661374,
          -0.23524193684760716
        ],
        [
          -0.5352568318179528,
          -0.35136564470633885,
          0.7681421142681258
        ],
        [
          0.39561498433194386,
          0.6991922916738683,
          0.5954988861751797
        ]
      ]
    }
  },
  {
    "t": 1693895368363,
    "data": {
      "position": [
        [
          0.12977202233763574
        ],
        [
          0.2138348192571295
        ],
        [
          0.13031113312500509
        ]
      ],
      "orientation_mat": [
        [
          -0.7473431634247844,
          0.6220109592891699,
          -0.2336248330259491
        ],
        [
          -0.5291136142524216,
          -0.3444554112102895,
          0.7754929096392114
        ],
        [
          0.4018917507177469,
          0.7031734040847373,
          0.5865408634467918
        ]
      ]
    }
  },
  {
    "t": 1693895368395,
    "data": {
      "position": [
        [
          0.12971862757167063
        ],
        [
          0.21410009280980075
        ],
        [
          0.13034007578042023
        ]
      ],
      "orientation_mat": [
        [
          -0.7451828850765794,
          0.6246546170980286,
          -0.2334717908593258
        ],
        [
          -0.534031366698776,
          -0.34930203874562926,
          0.7699341433590178
        ],
        [
          0.39939074497387017,
          0.698423005825454,
          0.59387905987916
        ]
      ]
    }
  },
  {
    "t": 1693895368427,
    "data": {
      "position": [
        [
          0.12952051401089365
        ],
        [
          0.21413332676873076
        ],
        [
          0.13033176911302047
        ]
      ],
      "orientation_mat": [
        [
          -0.7447057554452551,
          0.6238228197299303,
          -0.2371885903472402
        ],
        [
          -0.5378753864712063,
          -0.3506063600882358,
          0.7666584956120484
        ],
        [
          0.3950992361865087,
          0.6985128988428757,
          0.596637514505215
        ]
      ]
    }
  },
  {
    "t": 1693895368459,
    "data": {
      "position": [
        [
          0.12954432577214603
        ],
        [
          0.21406327478665446
        ],
        [
          0.13031837150394765
        ]
      ],
      "orientation_mat": [
        [
          -0.7464610608110825,
          0.6231536989165775,
          -0.23339955488256797
        ],
        [
          -0.5321149793822574,
          -0.34837964018843964,
          0.77167692399034
        ],
        [
          0.39956167660301606,
          0.7002221746194282,
          0.5916412534310181
        ]
      ]
    }
  },
  {
    "t": 1693895368491,
    "data": {
      "position": [
        [
          0.12959673393819993
        ],
        [
          0.2141366581751965
        ],
        [
          0.13030783480678843
        ]
      ],
      "orientation_mat": [
        [
          -0.7443754592762735,
          0.624423953708288,
          -0.2366429835481012
        ],
        [
          -0.5357779183562205,
          -0.34697320127647846,
          0.7697737458486278
        ],
        [
          0.3985563922823373,
          0.6997887707238966,
          0.592830902146325
        ]
      ]
    }
  },
  {
    "t": 1693895368523,
    "data": {
      "position": [
        [
          0.12965181378571183
        ],
        [
          0.21402880598991192
        ],
        [
          0.13025105650314533
        ]
      ],
      "orientation_mat": [
        [
          -0.7437711129308625,
          0.6234943759181585,
          -0.24095496419043166
        ],
        [
          -0.5357374985939863,
          -0.3404680863110778,
          0.7727009866720312
        ],
        [
          0.39973724391135307,
          0.7038012826090175,
          0.5872596448148438
        ]
      ]
    }
  },
  {
    "t": 1693895368555,
    "data": {
      "position": [
        [
          0.12963889929999461
        ],
        [
          0.21426997508743573
        ],
        [
          0.13028365753665236
        ]
      ],
      "orientation_mat": [
        [
          -0.7443957797064475,
          0.6254113980636239,
          -0.23395620600303232
        ],
        [
          -0.5344005817544316,
          -0.34791054905934576,
          0.7703079047197618
        ],
        [
          0.4003635115438906,
          0.6984402859409873,
          0.5932033593961831
        ]
      ]
    }
  },
  {
    "t": 1693895368587,
    "data": {
      "position": [
        [
          0.12984000539423124
        ],
        [
          0.21433614326752026
        ],
        [
          0.13026070578732032
        ]
      ],
      "orientation_mat": [
        [
          -0.742112112385485,
          0.6270188542675751,
          -0.23689020461752025
        ],
        [
          -0.5373863432009246,
          -0.34535152880845965,
          0.7693817256023163
        ],
        [
          0.4006064537571647,
          0.6982690584170526,
          0.5932409217724885
        ]
      ]
    }
  },
  {
    "t": 1693895368619,
    "data": {
      "position": [
        [
          0.1297012396331468
        ],
        [
          0.2143109776119547
        ],
        [
          0.13026864663773277
        ]
      ],
      "orientation_mat": [
        [
          -0.7434965622810071,
          0.6258995008110042,
          -0.2355051523021528
        ],
        [
          -0.5338206106573085,
          -0.3433577011349326,
          0.7727490179280673
        ],
        [
          0.4028007168734718,
          0.7002537425504199,
          0.5894033241595665
        ]
      ]
    }
  },
  {
    "t": 1693895368650,
    "data": {
      "position": [
        [
          0.12930926089214853
        ],
        [
          0.21433507298028587
        ],
        [
          0.13028062028692355
        ]
      ],
      "orientation_mat": [
        [
          -0.743342195605526,
          0.6253899158029416,
          -0.23733906851663883
        ],
        [
          -0.5358618073576545,
          -0.34437459538491344,
          0.7708814834128948
        ],
        [
          0.4003679603161872,
          0.7002096766436943,
          0.5911107384296016
        ]
      ]
    }
  },
  {
    "t": 1693895368684,
    "data": {
      "position": [
        [
          0.12912653437621086
        ],
        [
          0.2143742271036252
        ],
        [
          0.1302559008414378
        ]
      ],
      "orientation_mat": [
        [
          -0.7439523738559505,
          0.6244333492681218,
          -0.23794507298091314
        ],
        [
          -0.5344652000010444,
          -0.3422916386624517,
          0.7727764127414976
        ],
        [
          0.40110075470128426,
          0.7020822077389297,
          0.5883865720378829
        ]
      ]
    }
  },
  {
    "t": 1693895368714,
    "data": {
      "position": [
        [
          0.12922438090055505
        ],
        [
          0.21437167330894139
        ],
        [
          0.1301609089196019
        ]
      ],
      "orientation_mat": [
        [
          -0.7423928747563898,
          0.6235927937112969,
          -0.24491804168391285
        ],
        [
          -0.5362739757419702,
          -0.33399669279916944,
          0.7751492966784642
        ],
        [
          0.40157569952979455,
          0.7068084866712884,
          0.5823733516539015
        ]
      ]
    }
  },
  {
    "t": 1693895368762,
    "data": {
      "position": [
        [
          0.12916874947540372
        ],
        [
          0.21470225780546942
        ],
        [
          0.13020270112498095
        ]
      ],
      "orientation_mat": [
        [
          -0.7418974715183846,
          0.6267001678356411,
          -0.23840100962329652
        ],
        [
          -0.5364171198523694,
          -0.3414171230120146,
          0.7718102238526565
        ],
        [
          0.40229940999697805,
          0.70048643652035,
          0.5894691993370861
        ]
      ]
    }
  },
  {
    "t": 1693895368794,
    "data": {
      "position": [
        [
          0.1291657532384609
        ],
        [
          0.2146191533059207
        ],
        [
          0.13017395935955958
        ]
      ],
      "orientation_mat": [
        [
          -0.7418682827518959,
          0.6266196450308026,
          -0.23870331272989098
        ],
        [
          -0.5361599335976452,
          -0.34054428013547683,
          0.7723743385636131
        ],
        [
          0.40269588606207773,
          0.7009831764946154,
          0.5886073475757823
        ]
      ]
    }
  },
  {
    "t": 1693895368827,
    "data": {
      "position": [
        [
          0.12933339751789516
        ],
        [
          0.21470987942409064
        ],
        [
          0.1301158009133415
        ]
      ],
      "orientation_mat": [
        [
          -0.7387285835194489,
          0.6282164140997374,
          -0.24418070551748344
        ],
        [
          -0.5433011288339421,
          -0.34062148554376315,
          0.7673336217016197
        ],
        [
          0.39887838158906647,
          0.6995149323936033,
          0.5929375144644333
        ]
      ]
    }
  },
  {
    "t": 1693895368858,
    "data": {
      "position": [
        [
          0.1295648263875175
        ],
        [
          0.2148542544656468
        ],
        [
          0.13001641872456404
        ]
      ],
      "orientation_mat": [
        [
          -0.7393046263094558,
          0.6290049061435828,
          -0.24037782253098677
        ],
        [
          -0.5390694625465745,
          -0.33893506614886365,
          0.7710558575644262
        ],
        [
          0.4035254441385118,
          0.6996255062402801,
          0.5896535991163362
        ]
      ]
    }
  },
  {
    "t": 1693895368891,
    "data": {
      "position": [
        [
          0.12967215077674943
        ],
        [
          0.21508999920924873
        ],
        [
          0.12996680754242437
        ]
      ],
      "orientation_mat": [
        [
          -0.7376190506866503,
          0.6317284458314609,
          -0.2384057608185921
        ],
        [
          -0.5410273838669593,
          -0.3417099856392244,
          0.7684553699601006
        ],
        [
          0.4039894874501052,
          0.6958113655595229,
          0.5938341835798889
        ]
      ]
    }
  },
  {
    "t": 1693895368922,
    "data": {
      "position": [
        [
          0.12969645167827049
        ],
        [
          0.21517972578736008
        ],
        [
          0.12994407838950223
        ]
      ],
      "orientation_mat": [
        [
          -0.7356749826740241,
          0.6331841471128816,
          -0.2405413804577229
        ],
        [
          -0.5448527927790254,
          -0.3422334061465204,
          0.7655140298637557
        ],
        [
          0.4023900521489946,
          0.6942291635780533,
          0.5967647060351723
        ]
      ]
    }
  },
  {
    "t": 1693895368955,
    "data": {
      "position": [
        [
          0.12888791715000797
        ],
        [
          0.21531822916034396
        ],
        [
          0.13007458191514876
        ]
      ],
      "orientation_mat": [
        [
          -0.7350788216583071,
          0.630534380326484,
          -0.24916966343383673
        ],
        [
          -0.5465504756357371,
          -0.33364134613673185,
          0.7680924617065441
        ],
        [
          0.40117540245107786,
          0.7007922997396347,
          0.5898715530468045
        ]
      ]
    }
  },
  {
    "t": 1693895368986,
    "data": {
      "position": [
        [
          0.12763103882004134
        ],
        [
          0.21524159046633914
        ],
        [
          0.13005579782436422
        ]
      ],
      "orientation_mat": [
        [
          -0.7348555449192965,
          0.6227498229121726,
          -0.268644721080131
        ],
        [
          -0.557129723554102,
          -0.32839000815046654,
          0.7627361756724709
        ],
        [
          0.386773576183655,
          0.7101708671930962,
          0.5882716550678881
        ]
      ]
    }
  },
  {
    "t": 1693895369019,
    "data": {
      "position": [
        [
          0.12758802921635398
        ],
        [
          0.21591609454775956
        ],
        [
          0.12987799910352554
        ]
      ],
      "orientation_mat": [
        [
          -0.7315566274384023,
          0.6230839061181915,
          -0.2767514169565307
        ],
        [
          -0.5644844628192299,
          -0.32591075790324314,
          0.7583795020427565
        ],
        [
          0.38233779840167015,
          0.7110194257679819,
          0.5901433589340253
        ]
      ]
    }
  },
  {
    "t": 1693895369051,
    "data": {
      "position": [
        [
          0.1279947557887934
        ],
        [
          0.21644846676339755
        ],
        [
          0.129620662513594
        ]
      ],
      "orientation_mat": [
        [
          -0.7325097872651921,
          0.6248988989758267,
          -0.27005698957720525
        ],
        [
          -0.5546867517945816,
          -0.31790319345024626,
          0.7689344360722259
        ],
        [
          0.3946543030859785,
          0.7130490345361498,
          0.5794903410780771
        ]
      ]
    }
  },
  {
    "t": 1693895369083,
    "data": {
      "position": [
        [
          0.12770011450477015
        ],
        [
          0.21680084397101224
        ],
        [
          0.12969720407945884
        ]
      ],
      "orientation_mat": [
        [
          -0.730805211016012,
          0.6271317688120773,
          -0.26949858644986896
        ],
        [
          -0.5556581291666817,
          -0.31726918515266683,
          0.768494832541863
        ],
        [
          0.39644392673217427,
          0.7113691086202705,
          0.5803328392034838
        ]
      ]
    }
  },
  {
    "t": 1693895369115,
    "data": {
      "position": [
        [
          0.12711439141781164
        ],
        [
          0.21697518942737568
        ],
        [
          0.12975593564094928
        ]
      ],
      "orientation_mat": [
        [
          -0.7271457728674379,
          0.6267119056043894,
          -0.28016283189376
        ],
        [
          -0.5665485621606922,
          -0.3173921299331965,
          0.7604504997500632
        ],
        [
          0.3876619038732959,
          0.7116842159484666,
          0.5858530746314704
        ]
      ]
    }
  },
  {
    "t": 1693895369163,
    "data": {
      "position": [
        [
          0.1269456080236776
        ],
        [
          0.21704193437620725
        ],
        [
          0.12966550353217013
        ]
      ],
      "orientation_mat": [
        [
          -0.7284775730261153,
          0.6254110023246054,
          -0.2796095559334723
        ],
        [
          -0.5633614862438775,
          -0.31465585466358426,
          0.7639473338804312
        ],
        [
          0.38980028401101835,
          0.7140397547036594,
          0.5815522051266493
        ]
      ]
    }
  },
  {
    "t": 1693895369195,
    "data": {
      "position": [
        [
          0.1273992874388362
        ],
        [
          0.21733964719368223
        ],
        [
          0.12953565210455292
        ]
      ],
      "orientation_mat": [
        [
          -0.7264000503893668,
          0.6285324616300338,
          -0.27801063193988723
        ],
        [
          -0.565721578743015,
          -0.3171278354921371,
          0.7611760842936298
        ],
        [
          0.3902589680440876,
          0.71019495959445,
          0.5859360521659357
        ]
      ]
    }
  },
  {
    "t": 1693895369227,
    "data": {
      "position": [
        [
          0.12833280894896998
        ],
        [
          0.21762790973025883
        ],
        [
          0.12930298797798656
        ]
      ],
      "orientation_mat": [
        [
          -0.7286801524087093,
          0.6312602076409198,
          -0.2655857408347874
        ],
        [
          -0.5541260589567926,
          -0.3155576759345804,
          0.7703036180258921
        ],
        [
          0.40245440272238714,
          0.708472937667988,
          0.5797383464300574
        ]
      ]
    }
  },
  {
    "t": 1693895369259,
    "data": {
      "position": [
        [
          0.1295083821316848
        ],
        [
          0.21787860241328558
        ],
        [
          0.12897555666730123
        ]
      ],
      "orientation_mat": [
        [
          -0.7287475299384495,
          0.6343636935825487,
          -0.25789482715423884
        ],
        [
          -0.5469520563711932,
          -0.31260735599358935,
          0.7766080665367959
        ],
        [
          0.41203214151317336,
          0.7070073162584695,
          0.5747783652131183
        ]
      ]
    }
  },
  {
    "t": 1693895369291,
    "data": {
      "position": [
        [
          0.13047199382756447
        ],
        [
          0.2181821365818081
        ],
        [
          0.12871772621522481
        ]
      ],
      "orientation_mat": [
        [
          -0.7321541583521333,
          0.6357553475911806,
          -0.24446968404466174
        ],
        [
          -0.5347637247984787,
          -0.31421782717668667,
          0.784407365929221
        ],
        [
          0.42187444464832957,
          0.7050406336471531,
          0.5700347865341941
        ]
      ]
    }
  },
  {
    "t": 1693895369323,
    "data": {
      "position": [
        [
          0.13100141901530607
        ],
        [
          0.21883627674914535
        ],
        [
          0.12863436211771148
        ]
      ],
      "orientation_mat": [
        [
          -0.7327034155789941,
          0.6392373184866761,
          -0.23349808447359852
        ],
        [
          -0.5309398526395331,
          -0.32229422720750955,
          0.783727825196876
        ],
        [
          0.4257329887123933,
          0.6982134929680734,
          0.5755426487753404
        ]
      ]
    }
  },
  {
    "t": 1693895369355,
    "data": {
      "position": [
        [
          0.13118738188820683
        ],
        [
          0.21895308000067154
        ],
        [
          0.12848092222311017
        ]
      ],
      "orientation_mat": [
