[
  {
    "t": 1693895367163,
    "data": {
      "position": [
        [
          0.12964466250021128
        ],
        [
          0.2144318642163595
        ],
        [
          0.13031889324919743
        ]
      ],
      "orientation_mat": [
        [
          -0.7453411713328444,
          0.6238130026197872,
          -0.2352102805548027
        ],
        [
          -0.530559631789258,
          -0.34137861547599746,
          0.7758653994162508
        ],
        [
          0.40369916451713234,
          0.7030775054417377,
          0.5854135341021707
        ]
      ]
    }
  },
  {
    "t": 1693895367196,
    "data": {
      "position": [
        [
          0.12964022893527086
        ],
        [
          0.21426467351748135
        ],
        [
          0.13028751223993287
        ]
      ],
      "orientation_mat": [
        [
          -0.7470863173092632,
          0.621165211789995,
          -0.23667660245823524
        ],
        [
          -0.5272810001860156,
          -0.3369674752989558,
          0.7800177353326541
        ],
        [
          0.4047675645751742,
          0.7075356529903905,
          0.5792724043274838
        ]
      ]
    }
  },
  {
    "t": 1693895367226,
    "data": {
      "position": [
        [
          0.12963369946528092
        ],
        [
          0.21426565036870793
        ],
        [
          0.1302871854033938
        ]
      ],
      "orientation_mat": [
        [
          -0.7467791445489892,
          0.6214076714685133,
          -0.2370093143881904
        ],
        [
          -0.5274727073930598,
          -0.33633312286996114,
          0.7801618892358013
        ],
        [
          0.40508450010104713,
          0.7076245729909467,
          0.5789421486446331
        ]
      ]
    }
  },
  {
    "t": 1693895367258,
    "data": {
      "position": [
        [
          0.1296067701343518
        ],
        [
          0.21426830137759775
        ],
        [
          0.1302769283078965
        ]
      ],
      "orientation_mat": [
        [
          -0.7466996147054676,
          0.6213812877237797,
          -0.23732884499243584
        ],
        [
          -0.5275348762943071,
          -0.3358978574992459,
          0.7803073648380916
        ],
        [
          0.40515014462771254,
          0.7078544515605971,
          0.5786151015260406
        ]
      ]
    }
  },
  {
    "t": 1693895367291,
    "data": {
      "position": [
        [
          0.12956854487444053
        ],
        [
          0.2142577237413085
        ],
        [
          0.13025089411746277
        ]
      ],
      "orientation_mat": [
        [
          -0.7467123391517301,
          0.6211395052826643,
          -0.23792099011175727
        ],
        [
          -0.5271994546911358,
          -0.33459046799702974,
          0.7810953550616584
        ],
        [
          0.40556308699377563,
          0.7086853559251356,
          0.5773072394880773
        ]
      ]
    }
  },
  {
    "t": 1693895367322,
    "data": {
      "position": [
        [
          0.1295167314168191
        ],
        [
          0.21432379414289252
        ],
        [
          0.13026265033043477
        ]
      ],
      "orientation_mat": [
        [
          -0.7468988913513681,
          0.6212061625981015,
          -0.2371601771972652
        ],
        [
          -0.5273480078406155,
          -0.3361406611165122,
          0.7803291193917399
        ],
        [
          0.4050260790673005,
          0.7078929011469852,
          0.5786549194304617
        ]
      ]
    }
  },
  {
    "t": 1693895367355,
    "data": {
      "position": [
        [
          0.12949869324885838
        ],
        [
          0.21434655855482132
        ],
        [
          0.13026663136491184
        ]
      ],
      "orientation_mat": [
        [
          -0.7471308595994768,
          0.6215175877339634,
          -0.23560850318165952
        ],
        [
          -0.526714537881817,
          -0.3373994746676184,
          0.7802136823191191
        ],
        [
          0.4054223405512959,
          0.707020143016711,
          0.5794439085455461
        ]
      ]
    }
  },
  {
    "t": 1693895367387,
    "data": {
      "position": [
        [
          0.12953461622591833
        ],
        [
          0.2143264515310745
        ],
        [
          0.13027102010849975
        ]
      ],
      "orientation_mat": [
        [
          -0.7469350256750266,
          0.6212555688548835,
          -0.23691683263677699
        ],
        [
          -0.5269145853020849,
          -0.3357540788040526,
          0.7807882032679373
        ],
        [
          0.4055232264812699,
          0.7080329912745854,
          0.5781351019017814
        ]
      ]
    }
  },
  {
    "t": 1693895367419,
    "data": {
      "position": [
        [
          0.1295505088505227
        ],
        [
          0.21428932314633317
        ],
        [
          0.1302674403094893
        ]
      ],
      "orientation_mat": [
        [
          -0.7467928328008154,
          0.621396116398239,
          -0.2369964797260072
        ],
        [
          -0.5270509689208082,
          -0.3356373624423348,
          0.7807463333838911
        ],
        [
          0.40560786609355937,
          0.7079649902770186,
          0.5781590019234243
        ]
      ]
    }
  },
  {
    "t": 1693895367451,
    "data": {
      "position": [
        [
          0.12959496825047062
        ],
        [
          0.2142205452447319
        ],
        [
          0.13024014900972403
        ]
      ],
      "orientation_mat": [
        [
          -0.74650964872978,
          0.6216159724196456,
          -0.237311877465328
        ],
        [
          -0.5273064112829823,
          -0.3351800156331041,
          0.7807703284193468
        ],
        [
          0.40579710813804837,
          0.7079886580680306,
          0.5779972033442952
        ]
      ]
    }
  },
  {
    "t": 1693895367482,
    "data": {
      "position": [
        [
          0.12968043323009162
        ],
        [
          0.2142386942545556
        ],
        [
          0.1302570416944918
        ]
      ],
      "orientation_mat": [
        [
          -0.7462487939122946,
          0.6216617657765577,
          -0.23801131602513795
        ],
        [
          -0.5276036296432982,
          -0.33435361253219426,
          0.7809238578593235
        ],
        [
          0.4058905610773219,
          0.7083391212958973,
          0.5775019841265429
        ]
      ]
    }
  },
  {
    "t": 1693895367515,
    "data": {
      "position": [
        [
          0.12972762528404086
        ],
        [
          0.21419150490117891
        ],
        [
          0.13022239622994103
        ]
      ],
      "orientation_mat": [
        [
          -0.7458289530319689,
          0.6223361025580807,
          -0.23756461915035887
        ],
        [
          -0.5277566848285609,
          -0.3344315687200745,
          0.7807870436054872
        ],
        [
          0.40646285739044374,
          0.7077098991085599,
          0.5778707850945115
        ]
      ]
    }
  },
  {
    "t": 1693895367563,
    "data": {
      "position": [
        [
          0.1297217673418446
        ],
        [
          0.21418634117622393
        ],
        [
          0.13021686540960273
        ]
      ],
      "orientation_mat": [
        [
          -0.7459096921913613,
          0.6224274114866716,
          -0.2370713996351947
        ],
        [
          -0.5275875869764924,
          -0.3348999722648964,
          0.7807005486390373
        ],
        [
          0.4065342164729933,
          0.7074080336036432,
          0.5781901113212818
        ]
      ]
    }
  },
  {
    "t": 1693895367595,
    "data": {
      "position": [
        [
          0.12975533788372304
        ],
        [
          0.21420122542528336
        ],
        [
          0.1302184671700261
        ]
      ],
      "orientation_mat": [
        [
          -0.7455903307773935,
          0.6224952323087832,
          -0.23789649935232576
        ],
        [
          -0.5285924929971874,
          -0.33504539689865287,
          0.7799580491052341
        ],
        [
          0.40581403992256787,
          0.7072794834928117,
          0.5788529150240729
        ]
      ]
    }
  },
  {
    "t": 1693895367627,
    "data": {
      "position": [
        [
          0.12982798696768574
        ],
        [
          0.21414203112998834
        ],
        [
          0.13018614750094518
        ]
      ],
      "orientation_mat": [
        [
          -0.7449246551688267,
          0.6236152753483549,
          -0.23704692884279288
        ],
        [
          -0.528713822590381,
          -0.3351323512385436,
          0.7798384454200707
        ],
        [
          0.4068770722509095,
          0.7062508729237232,
          0.5793623672374725
        ]
      ]
    }
  },
  {
    "t": 1693895367658,
    "data": {
      "position": [
        [
          0.12986286076782086
        ],
        [
          0.21412250535864324
        ],
        [
          0.13021337601458863
        ]
      ],
      "orientation_mat": [
        [
          -0.744836063676203,
          0.6239391199801824,
          -0.23647243561500994
        ],
        [
          -0.5293288775983634,
          -0.3367597434568038,
          0.7787193425922877
        ],
        [
          0.4062390645762617,
          0.7051899387720045,
          0.5810997957897945
        ]
      ]
    }
  },
  {
    "t": 1693895367690,
    "data": {
      "position": [
        [
          0.13001896884365366
        ],
        [
          0.2140506506380943
        ],
        [
          0.13015018803483758
        ]
      ],
      "orientation_mat": [
        [
          -0.7442246556891745,
          0.6247024503999266,
          -0.23638212776912104
        ],
        [
          -0.5292799533656039,
          -0.33569858112395873,
          0.7792106221020512
        ],
        [
          0.407421640109646,
          0.7050200785053491,
          0.5804776447673747
        ]
      ]
    }
  },
  {
    "t": 1693895367722,
    "data": {
      "position": [
        [
          0.1300019849765046
        ],
        [
          0.21407039995482682
        ],
        [
          0.130149055685518
        ]
      ],
      "orientation_mat": [
        [
          -0.7445324255319676,
          0.6244037535940774,
          -0.236202074142273
        ],
        [
          -0.5290858189547221,
          -0.33613447442081007,
          0.7791545490381588
        ],
        [
          0.4071113650004089,
          0.7050769940960153,
          0.5806261868741637
        ]
      ]
    }
  },
  {
    "t": 1693895367754,
    "data": {
      "position": [
        [
          0.1299891509233697
        ],
        [
          0.21411702803200067
        ],
        [
          0.13011738723846633
        ]
      ],
      "orientation_mat": [
        [
          -0.7448364792578767,
          0.6239173145449644,
          -0.23652865318546684
        ],
        [
          -0.5290108447371953,
          -0.33613838263155105,
          0.7792037691594441
        ],
        [
          0.40665236420949274,
          0.7055056146713824,
          0.5804271550763157
        ]
      ]
    }
  },
  {
    "t": 1693895367787,
    "data": {
      "position": [
        [
          0.1300376664427661
        ],
        [
          0.21416929780839414
        ],
        [
          0.13011054377716932
        ]
      ],
      "orientation_mat": [
        [
          -0.7444578925423836,
          0.6244909105281763,
          -0.23620658098165292
        ],
        [
          -0.5289899387306302,
          -0.3358302609229081,
          0.779350807127455
        ],
        [
          0.407372177441117,
          0.705144764226567,
          0.5803608967967625
        ]
      ]
    }
  },
  {
    "t": 1693895367819,
    "data": {
      "position": [
        [
          0.1300525390037021
        ],
        [
          0.21410791894425096
        ],
        [
          0.1301022612800635
        ]
      ],
      "orientation_mat": [
        [
          -0.7448363588177074,
          0.6243601247715765,
          -0.23535767074476438
        ],
        [
          -0.5280462740047803,
          -0.3359302497452368,
          0.7799474340080692
        ],
        [
          0.407904316099803,
          0.7052129479110012,
          0.5799041015597562
        ]
      ]
    }
  },
  {
    "t": 1693895367850,
    "data": {
      "position": [
        [
          0.1299951372151689
        ],
        [
          0.21410193371321484
        ],
        [
          0.13012647082893689
        ]
      ],
      "orientation_mat": [
        [
          -0.7450294819335072,
          0.6236899314111135,
          -0.23652048644100704
        ],
        [
          -0.5282216384653804,
          -0.3351235041972657,
          0.7801757094344163
        ],
        [
          0.4073241604752155,
          0.7061891434955271,
          0.57912340818017
        ]
      ]
    }
  },
  {
    "t": 1693895367883,
    "data": {
      "position": [
        [
          0.12995439614794635
        ],
        [
          0.21404103624580553
        ],
        [
          0.13010341040577628
        ]
      ],
      "orientation_mat": [
        [
          -0.7455983120042344,
          0.622793370273199,
          -0.2370898038300814
        ],
        [
          -0.5279286059068896,
          -0.33491478764365584,
          0.780463626367567
        ],
        [
          0.406662690938872,
          0.7070788520111142,
          0.57850233606875
        ]
      ]
    }
  },
  {
    "t": 1693895367914,
    "data": {
      "position": [
        [
          0.12994937814324084
        ],
        [
          0.214076578124645
        ],
        [
          0.13013215207622486
        ]
      ],
      "orientation_mat": [
        [
          -0.7461950605933926,
          0.622798712103449,
          -0.2351907645897443
        ],
        [
          -0.5275028091518382,
          -0.33761881782927905,
          0.7795859928093112
        ],
        [
          0.4061203243903738,
          0.7057870061497629,
          0.5804575643983046
        ]
      ]
    }
  },
  {
    "t": 1693895367963,
    "data": {
      "position": [
        [
          0.12997434178682205
        ],
        [
          0.21410845001102563
        ],
        [
          0.13012600571627003
        ]
      ],
      "orientation_mat": [
        [
          -0.7462951500044911,
          0.62249955857321,
          -0.23566469539566748
        ],
        [
          -0.5268208638686818,
          -0.33601883993808507,
          0.7807375465541027
        ],
        [
          0.4068210005302455,
          0.7068137228314277,
          0.57871498576134
        ]
      ]
    }
  },
  {
    "t": 1693895367995,
    "data": {
      "position": [
        [
          0.12981938504732338
        ],
        [
          0.21410702658189473
        ],
        [
          0.1301487979094019
        ]
      ],
      "orientation_mat": [
        [
          -0.7469204904778682,
          0.6218287415880633,
          -0.23545444790724634
        ],
        [
          -0.5260601823053926,
          -0.3360766636704328,
          0.7812254224799446
        ],
        [
          0.4066576760582761,
          0.7073764855232016,
          0.5781418876294345
        ]
      ]
    }
  },
  {
    "t": 1693895368027,
    "data": {
      "position": [
        [
          0.1297584552604833
        ],
        [
          0.2139526331711649
        ],
        [
          0.13013520763751027
        ]
      ],
      "orientation_mat": [
        [
          -0.747671417574104,
          0.620449616374672,
          -0.23670598827079092
        ],
        [
          -0.5260279173820945,
          -0.33579040221772155,
          0.7813702297330739
        ],
        [
          0.40531726027568304,
          0.7087221453566853,
          0.57743470557599
        ]
      ]
    }
  },
  {
    "t": 1693895368059,
    "data": {
      "position": [
        [
          0.12974700065509703
        ],
        [
          0.2139642866713965
        ],
        [
          0.13016702421725113
        ]
      ],
      "orientation_mat": [
        [
          -0.7478491667100798,
          0.6207072930115046,
          -0.23546566682505865
        ],
        [
          -0.5256807128738427,
          -0.33706410186091385,
          0.7810554265538039
        ],
        [
          0.4054397760006878,
          0.7078914094965598,
          0.5783669599808473
        ]
      ]
    }
  },
  {
    "t": 1693895368092,
    "data": {
      "position": [
        [
          0.12965325390440824
        ],
        [
          0.21390615123603224
        ],
        [
          0.1302423570651267
        ]
      ],
      "orientation_mat": [
        [
          -0.7481519779198954,
          0.6203323421973892,
          -0.23549183246654146
        ],
        [
          -0.5258760883875062,
          -0.33791702720752065,
          0.7805552013698247
        ],
        [
          0.40462693632135294,
          0.7078134414852073,
          0.5790312378931405
        ]
      ]
    }
  },
  {
    "t": 1693895368122,
    "data": {
      "position": [
        [
          0.12959956500216127
        ],
        [
          0.21385278099562566
        ],
        [
          0.13025705404215593
        ]
      ],
      "orientation_mat": [
        [
          -0.748586682922062,
          0.6199468957771792,
          -0.23512512534389746
        ],
        [
          -0.5258787722085712,
          -0.3391672264756695,
          0.7800109675031548
        ],
        [
          0.40381864133810125,
          0.7075531350372501,
          0.5799129814091154
        ]
      ]
    }
  },
  {
    "t": 1693895368155,
    "data": {
      "position": [
        [
          0.1295960725915909
        ],
        [
          0.21379426933272888
        ],
        [
          0.13031989977077102
        ]
      ],
      "orientation_mat": [
        [
          -0.7481526121936742,
          0.6203796130778857,
          -0.23536525772746192
        ],
        [
          -0.5261340974955103,
          -0.338528802801135,
          0.7801161202837787
        ],
        [
          0.40429021793801373,
          0.7074796006609401,
          0.5796740759498139
        ]
      ]
    }
  },
  {
    "t": 1693895368187,
    "data": {
      "position": [
        [
          0.12950956269193592
        ],
        [
          0.21365519970009283
        ],
        [
          0.1303419656822975
        ]
      ],
      "orientation_mat": [
        [
          -0.7491857672982952,
          0.6196258387568865,
          -0.23406090237903798
        ],
        [
          -0.5261013240526067,
          -0.341981506745948,
          0.7786308790908985
        ],
        [
          0.4024153114728102,
          0.7064789232444206,
          0.5821936517204951
        ]
      ]
    }
  },
  {
    "t": 1693895368219,
    "data": {
      "position": [
        [
          0.12958814037484548
        ],
        [
          0.21357834447219134
        ],
        [
          0.13034145813205883
        ]
      ],
      "orientation_mat": [
        [
          -0.749300514688421,
          0.6190480543086884,
          -0.23521956794513268
        ],
        [
          -0.5258884931196538,
          -0.3403585932235481,
          0.7794852922430464
        ],
        [
          0.40247985228084093,
          0.7077679948086908,
          0.5805811175300812
        ]
      ]
    }
  },
  {
    "t": 1693895368251,
    "data": {
      "position": [
        [
          0.1296569165244767
        ],
        [
          0.2135474460894175
        ],
        [
          0.13033155176533015
        ]
      ],
      "orientation_mat": [
        [
          -0.7499217625540608,
          0.6190210793004449,
          -0.23330292203382924
        ],
        [
          -0.5247199896500501,
          -0.34184793830875876,
          0.7796210101938648
        ],
        [
          0.40284771627683574,
          0.707073468923678,
          0.5811719427456683
        ]
      ]
    }
  },
  {
    "t": 1693895368283,
    "data": {
      "position": [
        [
          0.12957273974227418
        ],
        [
          0.21360743887637995
        ],
        [
          0.13036128779235429
        ]
      ],
      "orientation_mat": [
        [
          -0.7499423564755654,
          0.6186859519449949,
          -0.23412422948040112
        ],
        [
          -0.5247709633185881,
          -0.34093997002379206,
          0.7799842132363043
        ],
        [
          0.4027429676872796,
          0.7078047963288262,
          0.5803537475302035
        ]
      ]
    }
  },
  {
    "t": 1693895368315,
    "data": {
      "position": [
        [
          0.12955632163552128
        ],
        [
          0.2135824100396164
        ],
        [
          0.13032145758427843
        ]
      ],
      "orientation_mat": [
        [
          -0.7504204688085423,
          0.6178832231956932,
          -0.2347114025488934
        ],
        [
          -0.5247623119669083,
          -0.34105396449561487,
          0.7799401959387459
        ],
        [
          0.4018627078148865,
          0.708450785725533,
          0.5801757046555488
        ]
      ]
    }
  },
  {
    "t": 1693895368363,
    "data": {
      "position": [
        [
          0.1297777474016636
        ],
        [
          0.2137268079507863
        ],
        [
          0.13030200129254235
        ]
      ],
      "orientation_mat": [
        [
          -0.7495986443719773,
          0.6200685537102542,
          -0.2315531495259076
        ],
        [
          -0.5240078551934415,
          -0.34221791811228763,
          0.7799376027724659
        ],
        [
          0.4043731445722663,
          0.7059758389793275,
          0.5814468803993812
        ]
      ]
    }
  },
  {
    "t": 1693895368395,
    "data": {
      "position": [
        [
          0.12978731670295574
        ],
        [
          0.21379785293781084
        ],
        [
          0.13028640653596815
        ]
      ],
      "orientation_mat": [
        [
          -0.748029318247461,
          0.6209429895666257,
          -0.23426895387630853
        ],
        [
          -0.5264227740808388,
          -0.3401883172519511,
          0.7791989295002401
        ],
        [
          0.40414255154743717,
          0.7061881565937985,
          0.5813493661434408
        ]
      ]
    }
  },
  {
    "t": 1693895368427,
    "data": {
      "position": [
        [
          0.12959701974704863
        ],
        [
          0.2137599363721221
        ],
        [
          0.13026868188646168
        ]
      ],
      "orientation_mat": [
        [
          -0.7487307348342143,
          0.6191138619023432,
          -0.23685504578746885
        ],
        [
          -0.5273181232040726,
          -0.3397815578274092,
          0.7787708840865288
        ],
        [
          0.4016688731469643,
          0.7079876545256603,
          0.5808748551831993
        ]
      ]
    }
  },
  {
    "t": 1693895368459,
    "data": {
      "position": [
        [
          0.12961986680687848
        ],
        [
          0.21378518073551336
        ],
        [
          0.1302617799466884
        ]
      ],
      "orientation_mat": [
        [
          -0.7482412076925327,
          0.619920656698621,
          -0.23629108004571558
        ],
        [
          -0.527214499002728,
          -0.3394194310682051,
          0.7789989228841323
        ],
        [
          0.40271573988624115,
          0.7074551782351208,
          0.5807987634595919
        ]
      ]
    }
  },
  {
    "t": 1693895368491,
    "data": {
      "position": [
        [
          0.12965110929944315
        ],
        [
          0.2138551780498576
        ],
        [
          0.13026281819707458
        ]
      ],
      "orientation_mat": [
        [
          -0.7476626868610662,
          0.6206882453257013,
          -0.23610719766706306
        ],
        [
          -0.5273880779120134,
          -0.3389081779196741,
          0.7791040124498392
        ],
        [
          0.40356204225863906,
          0.7070271204513086,
          0.5807325795875143
        ]
      ]
    }
  },
  {
    "t": 1693895368523,
    "data": {
      "position": [
        [
          0.12967042160730985
        ],
        [
          0.21384953338911153
        ],
        [
          0.13023136908443023
        ]
      ],
      "orientation_mat": [
        [
          -0.7469646917280611,
          0.6206545369268974,
          -0.23839399133296338
        ],
        [
          -0.5280991773836581,
          -0.33602400898879203,
          0.7798712228501598
        ],
        [
          0.4039245079941376,
          0.7084319382800005,
          0.5787652206780696
        ]
      ]
    }
  },
  {
    "t": 1693895368555,
    "data": {
      "position": [
        [
          0.12973363934132914
        ],
        [
          0.2139222894071534
        ],
        [
          0.1302133497977544
        ]
      ],
      "orientation_mat": [
        [
          -0.7466436461720403,
          0.6214057999934357,
          -0.2374407238984902
        ],
        [
          -0.5280577038758918,
          -0.33657083598011006,
          0.7796634746767162
        ],
        [
          0.4045717822689095,
          0.7075131829882519,
          0.5794365960910561
        ]
      ]
    }
  },
  {
    "t": 1693895368587,
    "data": {
      "position": [
        [
          0.12990015381343722
        ],
        [
          0.21403564921823884
        ],
        [
          0.13021228569976184
        ]
      ],
      "orientation_mat": [
        [
          -0.7455436483927109,
          0.6230567596675035,
          -0.23656910739552678
        ],
        [
          -0.5285738760376001,
          -0.336591248023097,
          0.7793048115627422
        ],
        [
          0.4059240395836065,
          0.7060500024692898,
          0.5802749935170748
        ]
      ]
    }
  },
  {
    "t": 1693895368619,
    "data": {
      "position": [
        [
          0.12976153265514728
        ],
        [
          0.21408052249128665
        ],
        [
          0.13022415286632644
        ]
      ],
      "orientation_mat": [
        [
          -0.7451790142312972,
          0.6231449584988925,
          -0.23748388881497956
        ],
        [
          -0.5291701328363133,
          -0.33583282802261377,
          0.7792273622867281
        ],
        [
          0.4058167163428223,
          0.7063332586815849,
          0.5800052761975377
        ]
      ]
    }
  },
  {
    "t": 1693895368650,
    "data": {
      "position": [
        [
          0.1293738811736646
        ],
        [
          0.21405146873736958
        ],
        [
          0.13023088749326767
        ]
      ],
      "orientation_mat": [
        [
          -0.7460024759402208,
          0.6217039569310479,
          -0.23867236083664584
        ],
        [
          -0.5290074582482736,
          -0.3355358218057449,
          0.7794657281772204
        ],
        [
          0.4045138007642773,
          0.7077428220910624,
          0.5791965838727102
        ]
      ]
    }
  },
  {
    "t": 1693895368684,
    "data": {
      "position": [
        [
          0.1291937113584642
        ],
        [
          0.21412250406748135
        ],
        [
          0.1302066118091268
        ]
      ],
      "orientation_mat": [
        [
          -0.7456464970583407,
          0.6212602223733861,
          -0.24092952812222254
        ],
        [
          -0.5300353874982979,
          -0.3338670575184253,
          0.7794839805304006
        ],
        [
          0.4038239584573394,
          0.7089206753936295,
          0.5782367046247464
        ]
      ]
    }
  },
  {
    "t": 1693895368714,
    "data": {
      "position": [
        [
          0.12922234936608384
        ],
        [
          0.21427357400089253
        ],
        [
          0.13015589200611283
        ]
      ],
      "orientation_mat": [
        [
          -0.7449665563447836,
          0.6217529084499341,
          -0.24176052358034406
        ],
        [
          -0.5303927931706675,
          -0.33223226168936265,
          0.7799392343287957
        ],
        [
          0.4046088418218414,
          0.7092566849362919,
          0.57727518567211
        ]
      ]
    }
  },
  {
    "t": 1693895368762,
    "data": {
      "position": [
        [
          0.12922912810538711
        ],
        [
          0.21446064464680564
        ],
        [
          0.13015841697594183
        ]
      ],
      "orientation_mat": [
        [
          -0.7438302993151805,
          0.6235818070139207,
          -0.2405456625714592
        ],
        [
          -0.5313628648645792,
          -0.33341829845163773,
          0.7787719461437488
        ],
        [
          0.40542569191356875,
          0.7070912021930893,
          0.5793548481867883
        ]
      ]
    }
  },
  {
    "t": 1693895368794,
    "data": {
      "position": [
        [
          0.1292326247479851
        ],
        [
          0.21436407398643342
        ],
        [
          0.13012521742200894
        ]
      ],
      "orientation_mat": [
        [
          -0.7436966239264905,
          0.6233851366020887,
          -0.24146698122918442
        ],
        [
          -0.5313191207777116,
          -0.3319523646003757,
          0.7794277513228653
        ],
        [
          0.4057281398379211,
          0.7079538114169697,
          0.5780882955430299
        ]
      ]
    }
  },
  {
    "t": 1693895368827,
    "data": {
      "position": [
        [
          0.12938103795212108
        ],
        [
          0.21440773006450037
        ],
        [
          0.13007437709430092
        ]
      ],
      "orientation_mat": [
        [
          -0.7430532233101332,
          0.62386624406237,
          -0.24220408098942647
        ],
        [
          -0.5325939253582742,
          -0.33210992887547175,
          0.7784900165151727
        ],
        [
          0.4052352625326259,
          0.7074559383183099,
          0.5790427249679188
        ]
      ]
    }
  },
  {
    "t": 1693895368858,
    "data": {
      "position": [
        [
          0.1296280355127499
        ],
        [
          0.21458817641159358
        ],
        [
          0.1299689876339544
        ]
      ],
      "orientation_mat": [
        [
          -0.7417235036658728,
          0.6256161027649811,
          -0.24176587035969016
        ],
        [
          -0.5325917229551058,
          -0.3302924412761972,
          0.7792643709778613
        ],
        [
          0.40766689925640726,
          0.7067612009702899,
          0.5781836248577957
        ]
      ]
    }
  },
  {
    "t": 1693895368891,
    "data": {
      "position": [
        [
          0.1297624644031492
        ],
        [
          0.21473936783107106
        ],
        [
          0.1299003794492129
        ]
      ],
      "orientation_mat": [
        [
          -0.7403513913337935,
          0.6274671211745655,
          -0.24117385678182302
        ],
        [
          -0.5334660671518776,
          -0.33012259475059974,
          0.778738099512692
        ],
        [
          0.4090156140633563,
          0.705197904336105,
          0.5791391397344346
        ]
      ]
    }
  },
  {
    "t": 1693895368922,
    "data": {
      "position": [
        [
          0.12979640067343565
        ],
        [
          0.214772465682762
        ],
        [
          0.1298707167000384
        ]
      ],
      "orientation_mat": [
        [
          -0.7391987859283187,
          0.6280077032141375,
          -0.24329299123855508
        ],
        [
          -0.535477764649959,
          -0.32894080141694937,
          0.777857000179762
        ],
        [
          0.40847119659479403,
          0.7052689372621475,
          0.5794368021497583
        ]
      ]
    }
  },
  {
    "t": 1693895368955,
    "data": {
      "position": [
        [
          0.12896476106734958
        ],
        [
          0.2150488584020223
        ],
        [
          0.1300234916256064
        ]
      ],
      "orientation_mat": [
        [
          -0.7366248361961889,
          0.6272391120467007,
          -0.25289315336284657
        ],
        [
          -0.5416847847143456,
          -0.3233129145397581,
          0.775916460258951
        ],
        [
          0.4049215290743515,
          0.7085477087752621,
          0.5779262060863962
        ]
      ]
    }
  },
  {
    "t": 1693895368986,
    "data": {
      "position": [
        [
          0.12765338487499517
        ],
        [
          0.21503603831368506
        ],
        [
          0.1300335187057592
        ]
      ],
      "orientation_mat": [
        [
          -0.7384646695123821,
          0.6191874252420052,
          -0.2669772730105401
        ],
        [
          -0.5491402667419641,
          -0.32248750515091423,
          0.7710037460765696
        ],
        [
          0.3912989896799284,
          0.7159669974542927,
          0.5781663767738071
        ]
      ]
    }
  },
  {
    "t": 1693895369019,
    "data": {
      "position": [
        [
          0.12760008857152091
        ],
        [
          0.21566007551969488
        ],
        [
          0.12985941360941683
        ]
      ],
      "orientation_mat": [
        [
          -0.7373254070157326,
          0.6184324233391779,
          -0.2718319001366768
        ],
        [
          -0.5516752667701036,
          -0.3189968544203779,
          0.7706460970536602
        ],
        [
          0.3898790122630601,
          0.718179883199701,
          0.5763783576471663
        ]
      ]
    }
  },
  {
    "t": 1693895369051,
    "data": {
      "position": [
        [
          0.1280177313775555
        ],
        [
          0.2163234828588674
        ],
        [
          0.1296038079543351
        ]
      ],
      "orientation_mat": [
        [
          -0.7341569517121407,
          0.6230873987102067,
          -0.26976964955547766
        ],
        [
          -0.5502433251052455,
          -0.31320285691730293,
          0.7740389225329449
        ],
        [
          0.3978012737911487,
          0.7167050048572197,
          0.572789736799423
        ]
      ]
    }
  },
  {
    "t": 1693895369083,
    "data": {
      "position": [
        [
          0.1277496669765447
        ],
        [
          0.21663237099083923
        ],
        [
          0.12966776288827592
        ]
      ],
      "orientation_mat": [
        [
          -0.7316679065765667,
          0.6247131205007416,
          -0.27275555275757524
        ],
        [
          -0.552700649334228,
          -0.3094854250830183,
          0.7737834088985793
        ],
        [
          0.3989787797758011,
          0.7169046580511311,
          0.5717199004348222
        ]
      ]
    }
  },
  {
    "t": 1693895369115,
    "data": {
      "position": [
        [
          0.12712405227868728
        ],
        [
          0.21676676153473337
        ],
        [
          0.12974300233212405
        ]
      ],
      "orientation_mat": [
        [
          -0.7319594098206649,
          0.6228798674955676,
          -0.2761450579744062
        ],
        [
          -0.5556889093189497,
          -0.31121445126780833,
          0.7709444865760394
        ],
        [
          0.3942654669570999,
          0.7177508174783093,
          0.5739237802829907
        ]
      ]
    }
  },
  {
    "t": 1693895369163,
    "data": {
      "position": [
        [
          0.12697782269552102
        ],
        [
          0.21686787358137663
        ],
        [
          0.12964382281247633
        ]
      ],
      "orientation_mat": [
        [
          -0.7306929583182996,
          0.6224479492175619,
          -0.2804395677840468
        ],
        [
          -0.5579261089110454,
          -0.30769927715466955,
          0.7707396524338642
        ],
        [
          0.39345426374539627,
          0.7196385935685669,
          0.5721136574031619
        ]
      ]
    }
  },
  {
    "t": 1693895369195,
    "data": {
      "position": [
        [
          0.12742036147741156
        ],
        [
          0.21710204585330467
        ],
        [
          0.12951641657575433
        ]
      ],
      "orientation_mat": [
        [
          -0.7312039488823768,
          0.624327875521288,
          -0.2748735872831246
        ],
        [
          -0.5545433598303653,
          -0.3093570790797193,
          0.7725152812024589
        ],
        [
          0.39726873424278997,
          0.7172955468078268,
          0.5724199955651375
        ]
      ]
    }
  },
  {
    "t": 1693895369227,
    "data": {
      "position": [
        [
          0.1283644808892283
        ],
        [
          0.21745866478663659
        ],
        [
          0.129282724493462
        ]
      ],
      "orientation_mat": [
        [
          -0.7309643099636017,
          0.6282401391082802,
          -0.26646858196163387
        ],
        [
          -0.5487834296636304,
          -0.3090628510149439,
          0.7767347690487
        ],
        [
          0.4056204197104217,
          0.7139989367889302,
          0.57068169181972
        ]
      ]
    }
  },
  {
    "t": 1693895369259,
    "data": {
      "position": [
        [
          0.1295119474393272
        ],
        [
          0.2177785197910593
        ],
        [
          0.12897124211775873
        ]
      ],
      "orientation_mat": [
        [
          -0.7312333532939712,
          0.6323354407450171,
          -0.2558313378150914
        ],
        [
          -0.5413820868680422,
          -0.30983069918468614,
          0.781607557448834
        ],
        [
          0.41497375706044126,
          0.7100400187457984,
          0.5688936216293945
        ]
      ]
    }
  },
  {
    "t": 1693895369291,
    "data": {
      "position": [
        [
          0.13051211807117674
        ],
        [
          0.21804631487970771
        ],
        [
          0.12869383591273323
        ]
      ],
      "orientation_mat": [
        [
          -0.7331746992751841,
          0.6336195192035696,
          -0.24694364787736567
        ],
        [
          -0.5320959059846964,
          -0.30838334220590635,
          0.7885262589693762
        ],
        [
          0.42347232161862525,
          0.7095252068349311,
          0.5632452163035025
        ]
      ]
    }
  },
  {
    "t": 1693895369323,
    "data": {
      "position": [
        [
          0.13109021398416792
        ],
        [
          0.21853455176723519
        ],
        [
          0.1285817626592874
        ]
      ],
      "orientation_mat": [
        [
          -0.7351439008625457,
          0.6347877167014976,
          -0.23792435720097835
        ],
        [
          -0.5240790187329699,
          -0.30955057349697446,
          0.7934227275365772
        ],
        [
          0.43000538037155644,
          0.7079710426088014,
          0.5602431397874674
        ]
      ]
    }
  },
  {
    "t": 1693895369355,
    "data": {
      "position": [
        [
          0.13121089159800559
        ],
        [
          0.21879951370470646
        ],
        [
          0.12846639620553982
        ]
      ],
      "orientation_mat": [
        [
