[
  {
    "t": 1693895367163,
    "data": {
      "position": [
        [
          0.12964466250021128
        ],
        [
          0.2144318642163595
        ],
        [
          0.13031889324919743
        ]
      ],
      "orientation_mat": [
        [
          -0.7453411713328444,
          0.6238130026197872,
          -0.2352102805548027
        ],
        [
          -0.530559631789258,
          -0.34137861547599746,
          0.7758653994162508
        ],
        [
          0.40369916451713234,
          0.7030775054417377,
          0.5854135341021707
        ]
      ]
    }
  },
  {
    "t": 1693895367196,
    "data": {
      "position": [
        [
          0.12963770970087501
        ],
        [
          0.21427884882059878
        ],
        [
          0.13029345708882378
        ]
      ],
      "orientation_mat": [
        [
          -0.7469726071714163,
          0.6212661960933832,
          -0.23677043254425695
        ],
        [
          -0.5273682096856798,
          -0.33679778154707807,
          0.78003206713435
        ],
        [
          0.40486379876256856,
          0.7075277859820236,
          0.5792147585437697
        ]
      ]
    }
  },
  {
    "t": 1693895367226,
    "data": {
      "position": [
        [
          0.12963313181204847
        ],
        [
          0.214269213306461
        ],
        [
          0.13028863612874958
        ]
      ],
      "orientation_mat": [
        [
          -0.7467460763370176,
          0.6214371315724754,
          -0.23703626089322924
        ],
        [
          -0.5274993314565237,
          -0.3362864690653888,
          0.7801639994491246
        ],
        [
          0.405110790757528,
          0.7076208746401614,
          0.5789282727465492
        ]
      ]
    }
  },
  {
    "t": 1693895367258,
    "data": {
      "position": [
        [
          0.12960267200575726
        ],
        [
          0.2142852496650975
        ],
        [
          0.1302847314694721
        ]
      ],
      "orientation_mat": [
        [
          -0.7466376598351828,
          0.6214338035158969,
          -0.23738625226328397
        ],
        [
          -0.5275632125428934,
          -0.33576418104404104,
          0.7803457384385758
        ],
        [
          0.40522741971300985,
          0.7078717698676716,
          0.5785397961567948
        ]
      ]
    }
  },
  {
    "t": 1693895367291,
    "data": {
      "position": [
        [
          0.1295605044361295
        ],
        [
          0.21428914988821748
        ],
        [
          0.13026564863771434
        ]
      ],
      "orientation_mat": [
        [
          -0.7466280300509435,
          0.6212086613312415,
          -0.2380050079920468
        ],
        [
          -0.5272210790125489,
          -0.334371722147599,
          0.7811744269194251
        ],
        [
          0.40569017561076204,
          0.7087279806209824,
          0.5771656009308015
        ]
      ]
    }
  },
  {
    "t": 1693895367322,
    "data": {
      "position": [
        [
          0.12951255243981938
        ],
        [
          0.21434081953192816
        ],
        [
          0.13027054085656495
        ]
      ],
      "orientation_mat": [
        [
          -0.7468415062962861,
          0.6212543838937881,
          -0.23721457578708022
        ],
        [
          -0.5273716668664092,
          -0.336010708276379,
          0.7803690978698166
        ],
        [
          0.40510108548316653,
          0.7079122787580083,
          0.5785787034829439
        ]
      ]
    }
  },
  {
    "t": 1693895367355,
    "data": {
      "position": [
        [
          0.12949798704421203
        ],
        [
          0.2143495802221441
        ],
        [
          0.1302680093786901
        ]
      ],
      "orientation_mat": [
        [
          -0.747118244287649,
          0.6215283947909246,
          -0.23561999813504247
        ],
        [
          -0.5267212097360766,
          -0.3373740463693408,
          0.7802201740858421
        ],
        [
          0.40543692020671346,
          0.7070227770765198,
          0.5794304931812793
        ]
      ]
    }
  },
  {
    "t": 1693895367387,
    "data": {
      "position": [
        [
          0.1295373425950166
        ],
        [
          0.21431424474509675
        ],
        [
          0.13026553888284187
        ]
      ],
      "orientation_mat": [
        [
          -0.7469945674000057,
          0.6212039829721826,
          -0.23686436586024218
        ],
        [
          -0.5268788281399067,
          -0.3358642843968239,
          0.7807649344870247
        ],
        [
          0.40546000632959733,
          0.7080259839907752,
          0.5781880224123439
        ]
      ]
    }
  },
  {
    "t": 1693895367419,
    "data": {
      "position": [
        [
          0.12955371161236576
        ],
        [
          0.21427921089256727
        ],
        [
          0.1302622927171196
        ]
      ],
      "orientation_mat": [
        [
          -0.746777913591669,
          0.6214126081357456,
          -0.2370002494125354
        ],
        [
          -0.5270871401690054,
          -0.3356690409810495,
          0.7807082948165222
        ],
        [
          0.40558833124257043,
          0.7079354952089864,
          0.5782088205683773
        ]
      ]
    }
  },
  {
    "t": 1693895367451,
    "data": {
      "position": [
        [
          0.1295973813210499
        ],
        [
          0.21421011529652995
        ],
        [
          0.1302354162832095
        ]
      ],
      "orientation_mat": [
        [
          -0.7465551279018703,
          0.6215769125900055,
          -0.2372711165281159
        ],
        [
          -0.5272814059695452,
          -0.3352689581376846,
          0.7807490279392292
        ],
        [
          0.40574593025956734,
          0.707980838331341,
          0.5780427083126733
        ]
      ]
    }
  },
  {
    "t": 1693895367482,
    "data": {
      "position": [
        [
          0.12968666105021096
        ],
        [
          0.2142058584553404
        ],
        [
          0.13024303715533098
        ]
      ],
      "orientation_mat": [
        [
          -0.7464863894008594,
          0.6214521102518585,
          -0.2378136772828264
        ],
        [
          -0.5274287366330724,
          -0.3347215003887785,
          0.7808843992238073
        ],
        [
          0.4056809068873092,
          0.7083493430793855,
          0.5776367456681526
        ]
      ]
    }
  },
  {
    "t": 1693895367515,
    "data": {
      "position": [
        [
          0.12972816839345383
        ],
        [
          0.214185310250147
        ],
        [
          0.13022016225463182
        ]
      ],
      "orientation_mat": [
        [
          -0.7459170710313288,
          0.6222567703162486,
          -0.23749575772976483
        ],
        [
          -0.5276797879390319,
          -0.3345412680709402,
          0.7807920218330268
        ],
        [
          0.4064009898421287,
          0.7077278090855826,
          0.5778923634226873
        ]
      ]
    }
  },
  {
    "t": 1693895367563,
    "data": {
      "position": [
        [
          0.12972120482542943
        ],
        [
          0.21418890467358256
        ],
        [
          0.13021800868532835
        ]
      ],
      "orientation_mat": [
        [
          -0.7458962931762485,
          0.6224390213623276,
          -0.2370830751265044
        ],
        [
          -0.5275958672290033,
          -0.33487583451945513,
          0.7807053069742607
        ],
        [
          0.4065480546120075,
          0.7074092451618132,
          0.5781788989151938
        ]
      ]
    }
  },
  {
    "t": 1693895367595,
    "data": {
      "position": [
        [
          0.1297569991889952
        ],
        [
          0.21419072739323564
        ],
        [
          0.13021420080090185
        ]
      ],
      "orientation_mat": [
        [
          -0.7456890808696958,
          0.6224075269364259,
          -0.23781645251031436
        ],
        [
          -0.5285134916553932,
          -0.3351845179985565,
          0.779951811352663
        ],
        [
          0.40573548502680046,
          0.7072907530195468,
          0.5788942104418641
        ]
      ]
    }
  },
  {
    "t": 1693895367627,
    "data": {
      "position": [
        [
          0.12983200762554253
        ],
        [
          0.21412228560673557
        ],
        [
          0.13017754268737564
        ]
      ],
      "orientation_mat": [
        [
          -0.7450496336582946,
          0.623506474168554,
          -0.23694033015833188
        ],
        [
          -0.5286276302057819,
          -0.33533863489793814,
          0.7798081998336555
        ],
        [
          0.40676021433844795,
          0.7062490188415738,
          0.5794466769398666
        ]
      ]
    }
  },
  {
    "t": 1693895367658,
    "data": {
      "position": [
        [
          0.1298737356621681
        ],
        [
          0.21408482670514944
        ],
        [
          0.13019489416457364
        ]
      ],
      "orientation_mat": [
        [
          -0.7448559594969242,
          0.6239316434433162,
          -0.23642949036031669
        ],
        [
          -0.5293875916968049,
          -0.33695079565795827,
          0.7785967756566462
        ],
        [
          0.40612606092120396,
          0.7051052869008937,
          0.581281478308947
        ]
      ]
    }
  },
  {
    "t": 1693895367690,
    "data": {
      "position": [
        [
          0.13002088080055457
        ],
        [
          0.21402458864487733
        ],
        [
          0.13014100199569772
        ]
      ],
      "orientation_mat": [
        [
          -0.7446228071815488,
          0.6243468612321933,
          -0.2360675155428597
        ],
        [
          -0.5289294984185332,
          -0.33619252545961176,
          0.7792356328658279
        ],
        [
          0.4071491873107313,
          0.7050996969894374,
          0.5805720942119199
        ]
      ]
    }
  },
  {
    "t": 1693895367722,
    "data": {
      "position": [
        [
          0.12999911644429
        ],
        [
          0.21408002772113982
        ],
        [
          0.13015383203226283
        ]
      ],
      "orientation_mat": [
        [
          -0.7445329910352432,
          0.6244005455962525,
          -0.23620877189303702
        ],
        [
          -0.5290649906950493,
          -0.33609105092819475,
          0.7791874236066884
        ],
        [
          0.4071373980377656,
          0.7051005347786113,
          0.5805793442536118
        ]
      ]
    }
  },
  {
    "t": 1693895367754,
    "data": {
      "position": [
        [
          0.129977785960478
        ],
        [
          0.21415030917697123
        ],
        [
          0.1301348318177736
        ]
      ],
      "orientation_mat": [
        [
          -0.7449371749696128,
          0.6238161271769914,
          -0.23647842358699905
        ],
        [
          -0.5288384536857996,
          -0.33608152521457424,
          0.7793453010781919
        ],
        [
          0.40669213817272737,
          0.7056221707708346,
          0.5802575780333674
        ]
      ]
    }
  },
  {
    "t": 1693895367787,
    "data": {
      "position": [
        [
          0.13003560130437603
        ],
        [
          0.21416584967460645
        ],
        [
          0.13011081095904614
        ]
      ],
      "orientation_mat": [
        [
          -0.7446687587501417,
          0.6242995192294652,
          -0.23604777065539445
        ],
        [
          -0.5287825632115056,
          -0.336044489159585,
          0.7793991930640829
        ],
        [
          0.4072559890105892,
          0.7052121748774138,
          0.5803605326171611
        ]
      ]
    }
  },
  {
    "t": 1693895367819,
    "data": {
      "position": [
        [
          0.130055949249767
        ],
        [
          0.214097410204221
        ],
        [
          0.13009686899836215
        ]
      ],
      "orientation_mat": [
        [
          -0.7448170221241605,
          0.6243805470844284,
          -0.23536468719127684
        ],
        [
          -0.5280882838512853,
          -0.33595977307813396,
          0.7799062734279631
        ],
        [
          0.40788523877814215,
          0.7051808018486028,
          0.5799566093175067
        ]
      ]
    }
  },
  {
    "t": 1693895367850,
    "data": {
      "position": [
        [
          0.12999558411902812
        ],
        [
          0.21411014184337882
        ],
        [
          0.13012868897092153
        ]
      ],
      "orientation_mat": [
        [
          -0.7448325646104927,
          0.6238676409680673,
          -0.23667196126430926
        ],
        [
          -0.5284048062197176,
          -0.33490145589938564,
          0.7801470217852366
        ],
        [
          0.4074466976914388,
          0.7061375088390436,
          0.579100170221811
        ]
      ]
    }
  },
  {
    "t": 1693895367883,
    "data": {
      "position": [
        [
          0.12995055311957127
        ],
        [
          0.2140611362665504
        ],
        [
          0.13011200478593254
        ]
      ],
      "orientation_mat": [
        [
          -0.7454533536084988,
          0.6229207210693494,
          -0.23721103021631193
        ],
        [
          -0.5280343114059199,
          -0.3346883118559676,
          0.7804892695515283
        ],
        [
          0.4067911793192156,
          0.7070739064407935,
          0.578418038496931
        ]
      ]
    }
  },
  {
    "t": 1693895367914,
    "data": {
      "position": [
        [
          0.1299541177234495
        ],
        [
          0.21405932399040667
        ],
        [
          0.13012384095457138
        ]
      ],
      "orientation_mat": [
        [
          -0.746221094414444,
          0.6227795969733894,
          -0.23515878007119384
        ],
        [
          -0.5275124965963653,
          -0.33772227284385176,
          0.7795346255041224
        ],
        [
          0.40605990221342847,
          0.7057543765495511,
          0.5805395040783833
        ]
      ]
    }
  },
  {
    "t": 1693895367963,
    "data": {
      "position": [
        [
          0.12996996235471048
        ],
        [
          0.21411615891000524
        ],
        [
          0.1301311539434905
        ]
      ],
      "orientation_mat": [
        [
          -0.7464369519322704,
          0.6223674227247475,
          -0.23556457272055295
        ],
        [
          -0.526659961607707,
          -0.33611788466519904,
          0.7808034659551407
        ],
        [
          0.4067691748761574,
          0.7068829880108499,
          0.5786668122775168
        ]
      ]
    }
  },
  {
    "t": 1693895367995,
    "data": {
      "position": [
        [
          0.12981412970938425
        ],
        [
          0.21414684228315023
        ],
        [
          0.13016432600097727
        ]
      ],
      "orientation_mat": [
        [
          -0.7464754733529578,
          0.6222280381549892,
          -0.23581059394410375
        ],
        [
          -0.5264314951480069,
          -0.33548079432103284,
          0.7812314110159442
        ],
        [
          0.40699416285582235,
          0.7073082108780602,
          0.5779886211905615
        ]
      ]
    }
  },
  {
    "t": 1693895368027,
    "data": {
      "position": [
        [
          0.12976193161994978
        ],
        [
          0.21395838132723788
        ],
        [
          0.13013473991528357
        ]
      ],
      "orientation_mat": [
        [
          -0.7473195810278408,
          0.6207727842947449,
          -0.23696960583864504
        ],
        [
          -0.5263758715586532,
          -0.33543584100886653,
          0.7812881916473222
        ],
        [
          0.4055143470374889,
          0.7086070468501036,
          0.5774375875375058
        ]
      ]
    }
  },
  {
    "t": 1693895368059,
    "data": {
      "position": [
        [
          0.1297530775831315
        ],
        [
          0.21394645942211735
        ],
        [
          0.13015768508742265
        ]
      ],
      "orientation_mat": [
        [
          -0.7477944238822328,
          0.6207626007912791,
          -0.2354937219322137
        ],
        [
          -0.5257740578990008,
          -0.33709351218104316,
          0.7809798999243626
        ],
        [
          0.4054197080200441,
          0.7078289041175815,
          0.5784575203458302
        ]
      ]
    }
  },
  {
    "t": 1693895368092,
    "data": {
      "position": [
        [
          0.12966774666663483
        ],
        [
          0.21387980347688249
        ],
        [
          0.1302250456249348
        ]
      ],
      "orientation_mat": [
        [
          -0.7476961391299235,
          0.6207602102332168,
          -0.23581188460596791
        ],
        [
          -0.5263997898290802,
          -0.3376099293692421,
          0.7803350542293966
        ],
        [
          0.40478851860954024,
          0.7075848337708402,
          0.5791976849223296
        ]
      ]
    }
  },
  {
    "t": 1693895368122,
    "data": {
      "position": [
        [
          0.12960411651267162
        ],
        [
          0.21384923944173587
        ],
        [
          0.13025307708054967
        ]
      ],
      "orientation_mat": [
        [
          -0.748349083161461,
          0.6201674665305351,
          -0.23529973053214182
        ],
        [
          -0.5261310676906371,
          -0.3389603971322108,
          0.7799307333261618
        ],
        [
          0.40393037684991107,
          0.707458947666274,
          0.5799500737346427
        ]
      ]
    }
  },
  {
    "t": 1693895368155,
    "data": {
      "position": [
        [
          0.12961302662888194
        ],
        [
          0.21374754723317557
        ],
        [
          0.1302947873010492
        ]
      ],
      "orientation_mat": [
        [
          -0.747935810629818,
          0.6205926651162279,
          -0.2354926053647002
        ],
        [
          -0.5264546297903727,
          -0.3385387016593139,
          0.779895550859926
        ],
        [
          0.4042740975499155,
          0.7072879834146507,
          0.5799191000195094
        ]
      ]
    }
  },
  {
    "t": 1693895368187,
    "data": {
      "position": [
        [
          0.12952163178426807
        ],
        [
          0.21363664148210432
        ],
        [
          0.13032861267877532
        ]
      ],
      "orientation_mat": [
        [
          -0.7487380329837696,
          0.6200453204157714,
          -0.23438250488058818
        ],
        [
          -0.5266045243467656,
          -0.34164713887111753,
          0.7784374781822212
        ],
        [
          0.4025904033892418,
          0.706272633712848,
          0.5823228777638785
        ]
      ]
    }
  },
  {
    "t": 1693895368219,
    "data": {
      "position": [
        [
          0.12959583026880667
        ],
        [
          0.21354614341399816
        ],
        [
          0.1303266966836895
        ]
      ],
      "orientation_mat": [
        [
          -0.749421077187199,
          0.6189454251442545,
          -0.2351055289876791
        ],
        [
          -0.5258300418763464,
          -0.3406184491818618,
          0.779411213120047
        ],
        [
          0.40233172398892214,
          0.7077327410611589,
          0.5807267439184807
        ]
      ]
    }
  },
  {
    "t": 1693895368251,
    "data": {
      "position": [
        [
          0.12966170087285134
        ],
        [
          0.2135212780160013
        ],
        [
          0.1303204694433624
        ]
      ],
      "orientation_mat": [
        [
          -0.7501185981414167,
          0.618845587554881,
          -0.23313564181868424
        ],
        [
          -0.5245703461028187,
          -0.34215372694427776,
          0.7795875698904579
        ],
        [
          0.40267609900753326,
          0.7070791793724339,
          0.5812839180521686
        ]
      ]
    }
  },
  {
    "t": 1693895368283,
    "data": {
      "position": [
        [
          0.12956826090933327
        ],
        [
          0.213632173438242
        ],
        [
          0.13037172213841597
        ]
      ],
      "orientation_mat": [
        [
          -0.7497534430668569,
          0.6188545343097257,
          -0.23428367415098755
        ],
        [
          -0.5249156729709364,
          -0.3406501922456173,
          0.7800134503920385
        ],
        [
          0.40290608195814376,
          0.707796942552959,
          0.5802500988658434
        ]
      ]
    }
  },
  {
    "t": 1693895368315,
    "data": {
      "position": [
        [
          0.12954835410380858
        ],
        [
          0.21360953915332798
        ],
        [
          0.13033484066197815
        ]
      ],
      "orientation_mat": [
        [
          -0.7504198416047838,
          0.6178762586525264,
          -0.23473174118428755
        ],
        [
          -0.5247071586185827,
          -0.3409299205423305,
          0.7800315294739139
        ],
        [
          0.4019358891916279,
          0.7085165617489518,
          0.5800446730271545
        ]
      ]
    }
  },
  {
    "t": 1693895368363,
    "data": {
      "position": [
        [
          0.12977845850998843
        ],
        [
          0.21368216858496203
        ],
        [
          0.13028768081748437
        ]
      ],
      "orientation_mat": [
        [
          -0.7504363762751812,
          0.6193048514856931,
          -0.23088253742814352
        ],
        [
          -0.5232343749798567,
          -0.3432279128165724,
          0.7800130695719258
        ],
        [
          0.40382054678088525,
          0.7061558615418151,
          0.5816122980196724
        ]
      ]
    }
  },
  {
    "t": 1693895368395,
    "data": {
      "position": [
        [
          0.1297799054334125
        ],
        [
          0.2138192064038768
        ],
        [
          0.13029765661423562
        ]
      ],
      "orientation_mat": [
        [
          -0.7481036449533306,
          0.6208687438210684,
          -0.23422839143363838
        ],
        [
          -0.5263011269418246,
          -0.3401608208419932,
          0.7792931025896912
        ],
        [
          0.4041634077787184,
          0.7062666769076325,
          0.5812394694981956
        ]
      ]
    }
  },
  {
    "t": 1693895368427,
    "data": {
      "position": [
        [
          0.12958334595942747
        ],
        [
          0.21383345547362623
        ],
        [
          0.13029992031843887
        ]
      ],
      "orientation_mat": [
        [
          -0.7481891408660782,
          0.6195935326926835,
          -0.2373117437791067
        ],
        [
          -0.527727902288767,
          -0.3389450807830476,
          0.7788578133131048
        ],
        [
          0.4021396158499898,
          0.7079689869326016,
          0.5805718240714484
        ]
      ]
    }
  },
  {
    "t": 1693895368459,
    "data": {
      "position": [
        [
          0.1296186961196496
        ],
        [
          0.21378476867473062
        ],
        [
          0.13026239788614813
        ]
      ],
      "orientation_mat": [
        [
          -0.7483288120452641,
          0.6198398458030333,
          -0.2362256434382084
        ],
        [
          -0.5271249114206557,
          -0.33950305977739315,
          0.7790231063078639
        ],
        [
          0.4026702333457113,
          0.7074858570718283,
          0.5807929452228652
        ]
      ]
    }
  },
  {
    "t": 1693895368491,
    "data": {
      "position": [
        [
          0.12964846519391005
        ],
        [
          0.2138559019827168
        ],
        [
          0.13026472478987677
        ]
      ],
      "orientation_mat": [
        [
          -0.7478277382131073,
          0.6205357762709143,
          -0.23598522056883586
        ],
        [
          -0.5272165612606146,
          -0.3390589782444113,
          0.7791544819895402
        ],
        [
          0.4034803235494898,
          0.7070886504814724,
          0.5807144469261031
        ]
      ]
    }
  },
  {
    "t": 1693895368523,
    "data": {
      "position": [
        [
          0.1296635569316769
        ],
        [
          0.21386978127198358
        ],
        [
          0.13024195029849478
        ]
      ],
      "orientation_mat": [
        [
          -0.7470255016203111,
          0.6205926896914359,
          -0.23836445504829706
        ],
        [
          -0.5279955194367673,
          -0.3359888016949554,
          0.7799565735284792
        ],
        [
          0.40394756019020683,
          0.7085028148406589,
          0.5786623626772713
        ]
      ]
    }
  },
  {
    "t": 1693895368555,
    "data": {
      "position": [
        [
          0.12972954617795124
        ],
        [
          0.21392114350908484
        ],
        [
          0.13021562519654756
        ]
      ],
      "orientation_mat": [
        [
          -0.7469455112548297,
          0.6211283609911967,
          -0.2372171207747256
        ],
        [
          -0.5277506214528812,
          -0.3368569839230569,
          0.7797478143209885
        ],
        [
          0.4044152380565781,
          0.7076206127259513,
          0.5794146905912809
        ]
      ]
    }
  },
  {
    "t": 1693895368587,
    "data": {
      "position": [
        [
          0.12990316688443562
        ],
        [
          0.21399603261205957
        ],
        [
          0.13019825227085652
        ]
      ],
      "orientation_mat": [
        [
          -0.746138581566758,
          0.6225227337108669,
          -0.2360988418241295
        ],
        [
          -0.5280480103813384,
          -0.3373293924182547,
          0.7793421454939037
        ],
        [
          0.4055151240457699,
          0.7061687666725852,
          0.5804163653329077
        ]
      ]
    }
  },
  {
    "t": 1693895368619,
    "data": {
      "position": [
        [
          0.12975248865822467
        ],
        [
          0.2141292272486972
        ],
        [
          0.1302447823205955
        ]
      ],
      "orientation_mat": [
        [
          -0.7448118420562595,
          0.6234676567855781,
          -0.23778856338155135
        ],
        [
          -0.5294446377215389,
          -0.33527381304627574,
          0.7792816216704455
        ],
        [
          0.4061326082952094,
          0.7063140599108242,
          0.5798075139661595
        ]
      ]
    }
  },
  {
    "t": 1693895368650,
    "data": {
      "position": [
        [
          0.1293534411080097
        ],
        [
          0.21417720634949516
        ],
        [
          0.13028230456200865
        ]
      ],
      "orientation_mat": [
        [
          -0.7448716229260354,
          0.6227067470068444,
          -0.23958833984918415
        ],
        [
          -0.5299114199963881,
          -0.3339425154044658,
          0.7795359410333496
        ],
        [
          0.4054135571449796,
          0.7076147989107437,
          0.5787237199610556
        ]
      ]
    }
  },
  {
    "t": 1693895368684,
    "data": {
      "position": [
        [
          0.1291719252908433
        ],
        [
          0.2142164809514554
        ],
        [
          0.13024933259538948
        ]
      ],
      "orientation_mat": [
        [
          -0.7452529411065,
          0.6215942150021891,
          -0.2412854857796542
        ],
        [
          -0.5302516919708677,
          -0.3330937290302467,
          0.7796676925734171
        ],
        [
          0.40426624510852177,
          0.7089916780587321,
          0.5778404654481374
        ]
      ]
    }
  },
  {
    "t": 1693895368714,
    "data": {
      "position": [
        [
          0.12920206427587827
        ],
        [
          0.21432507120805405
        ],
        [
          0.1301848318218642
        ]
      ],
      "orientation_mat": [
        [
          -0.7453245916657771,
          0.6214077926520294,
          -0.2415442160134974
        ],
        [
          -0.5299251747553864,
          -0.33232478156008083,
          0.7802176290763482
        ],
        [
          0.4045621858487467,
          0.7095157466838754,
          0.5769894652321719
        ]
      ]
    }
  },
  {
    "t": 1693895368762,
    "data": {
      "position": [
        [
          0.12921988880271645
        ],
        [
          0.21448037967202485
        ],
        [
          0.1301704813245929
        ]
      ],
      "orientation_mat": [
        [
          -0.7440684388910053,
          0.6233579479176167,
          -0.24038932383581463
        ],
        [
          -0.5310801085278375,
          -0.3335454594564068,
          0.7789103573596098
        ],
        [
          0.40535919450823205,
          0.7072286018282578,
          0.5792336559486897
        ]
      ]
    }
  },
  {
    "t": 1693895368794,
    "data": {
      "position": [
        [
          0.12923215810950744
        ],
        [
          0.21437039082143824
        ],
        [
          0.13012742826576487
        ]
      ],
      "orientation_mat": [
        [
          -0.7436008842364634,
          0.6234709565535369,
          -0.24154024777864103
        ],
        [
          -0.5314039640113511,
          -0.3318382654258569,
          0.7794184964652694
        ],
        [
          0.4057924986933251,
          0.707931728299683,
          0.5780701653526598
        ]
      ]
    }
  },
  {
    "t": 1693895368827,
    "data": {
      "position": [
        [
          0.12937743737709162
        ],
        [
          0.21439355287655462
        ],
        [
          0.1300724824704228
        ]
      ],
      "orientation_mat": [
        [
          -0.7435903202631289,
          0.6233797078187149,
          -0.2418081377680064
        ],
        [
          -0.5320760459620779,
          -0.3326581628900819,
          0.7786100615686625
        ],
        [
          0.4049302618036077,
          0.7076272228669905,
          0.5790467999507573
        ]
      ]
    }
  },
  {
    "t": 1693895368858,
    "data": {
      "position": [
        [
          0.12960873202874235
        ],
        [
          0.2146004638381987
        ],
        [
          0.1299854514146212
        ]
      ],
      "orientation_mat": [
        [
          -0.7428069910782203,
          0.6246256867802841,
          -0.2409990153913067
        ],
        [
          -0.5314728335082369,
          -0.331223967029094,
          0.7796328051770498
        ],
        [
          0.40715402644213977,
          0.7072011277421497,
          0.5780070619570195
        ]
      ]
    }
  },
  {
    "t": 1693895368891,
    "data": {
      "position": [
        [
          0.12974812375330394
        ],
        [
          0.21475604831779863
        ],
        [
          0.12991489947258736
        ]
      ],
      "orientation_mat": [
        [
          -0.7410022765007034,
          0.6268730820353704,
          -0.24071926645005162
        ],
        [
          -0.5327766931265193,
          -0.3306426814793515,
          0.7789893532297567
        ],
        [
          0.4087353929890899,
          0.7054824988641604,
          0.5789903473413301
        ]
      ]
    }
  },
  {
    "t": 1693895368922,
    "data": {
      "position": [
        [
          0.12979068417701223
        ],
        [
          0.2147853372575696
        ],
        [
          0.12987839391572453
        ]
      ],
      "orientation_mat": [
        [
          -0.7393308413650131,
          0.6278847592113067,
          -0.24320903798309199
        ],
        [
          -0.5353189226332983,
          -0.3290025729658053,
          0.7779402021059232
        ],
        [
          0.4084403972150974,
          0.7053495843424302,
          0.5793603419209273
        ]
      ]
    }
  },
  {
    "t": 1693895368955,
    "data": {
      "position": [
        [
          0.1289204574138751
        ],
        [
          0.21531342878731266
        ],
        [
          0.13013119056766137
        ]
      ],
      "orientation_mat": [
        [
          -0.7342558829747932,
          0.6292931893686046,
          -0.25467308481894296
        ],
        [
          -0.5435694861248673,
          -0.3202406297762856,
          0.7758725106577987
        ],
        [
          0.4066946177057849,
          0.7081214732337792,
          0.577203141947762
        ]
      ]
    }
  },
  {
    "t": 1693895368986,
    "data": {
      "position": [
        [
          0.1275686085238525
        ],
        [
          0.215520014667825
        ],
        [
          0.13023390462445333
        ]
      ],
      "orientation_mat": [
        [
          -0.7345955771435564,
          0.6225296289156812,
          -0.2698632971769776
        ],
        [
          -0.5522922167953714,
          -0.31758136843690005,
          0.7707888048544819
        ],
        [
          0.39413531345006353,
          0.7152614455874512,
          0.5771121374115867
        ]
      ]
    }
  },
  {
    "t": 1693895369019,
    "data": {
      "position": [
        [
          0.1275148882809588
        ],
        [
          0.21590944766856232
        ],
        [
          0.12999434602128326
        ]
      ],
      "orientation_mat": [
        [
          -0.7383324994040126,
          0.6173735923992612,
          -0.27150500498490737
        ],
        [
          -0.5502804018869358,
          -0.31868966755310035,
          0.7717696386189643
        ],
        [
          0.38994435452122655,
          0.7192264895030809,
          0.5750275273185612
        ]
      ]
    }
  },
  {
    "t": 1693895369051,
    "data": {
      "position": [
        [
          0.12794694759425893
        ],
        [
          0.2164499251978842
        ],
        [
          0.12969313587159048
        ]
      ],
      "orientation_mat": [
        [
          -0.7366438017654348,
          0.6207333450883519,
          -0.268413903544492
        ],
        [
          -0.5475705771469728,
          -0.3145269229013329,
          0.775396206989143
        ],
        [
          0.39689088218740665,
          0.7181663658691096,
          0.5715896242680215
        ]
      ]
    }
  },
  {
    "t": 1693895369083,
    "data": {
      "position": [
        [
          0.12772271687986803
        ],
        [
          0.21675139047810907
        ],
        [
          0.1297217423222558
        ]
      ],
      "orientation_mat": [
        [
          -0.7311253680699857,
          0.6251598337186175,
          -0.2731865268812473
        ],
        [
          -0.5530469739033297,
          -0.30861189542093187,
          0.7738848381129261
        ],
        [
          0.39949310484775286,
          0.7168918191119288,
          0.5713767398743952
        ]
      ]
    }
  },
  {
    "t": 1693895369115,
    "data": {
      "position": [
        [
          0.12708899281079364
        ],
        [
          0.21697398109902274
        ],
        [
          0.12982805220217042
        ]
      ],
      "orientation_mat": [
        [
          -0.7301805294544204,
          0.6244203267849299,
          -0.2773727634492318
        ],
        [
          -0.5571418913131904,
          -0.3091424088565481,
          0.7707294492818682
        ],
        [
          0.3955114503394602,
          0.7173076233696196,
          0.5736204896150452
        ]
      ]
    }
  },
  {
    "t": 1693895369163,
    "data": {
      "position": [
        [
          0.12694027079263953
        ],
        [
          0.2170096293814399
        ],
        [
          0.129712879722729
        ]
      ],
      "orientation_mat": [
        [
          -0.7304899905111722,
          0.6225625546637247,
          -0.2807138031760536
        ],
        [
          -0.557922410900045,
          -0.30698778082549516,
          0.771025995566504
        ],
        [
          0.3938362060279231,
          0.7198432940261472,
          0.5715931025363378
        ]
      ]
    }
  },
  {
    "t": 1693895369195,
    "data": {
      "position": [
        [
          0.12740902706483861
        ],
        [
          0.2170515546244343
        ],
        [
          0.12951104233155897
        ]
      ],
      "orientation_mat": [
        [
          -0.7331071873045687,
          0.6225950253045318,
          -0.2737321435060804
        ],
        [
          -0.5527507854728375,
          -0.3109321596737862,
          0.7731673565533898
        ],
        [
          0.39625802336551524,
          0.7181202034107136,
          0.5720864902895458
        ]
      ]
    }
  },
  {
    "t": 1693895369227,
    "data": {
      "position": [
        [
          0.1283549530160568
        ],
        [
          0.21731764693237193
        ],
        [
          0.12924926216540888
        ]
      ],
      "orientation_mat": [
        [
          -0.7346572272284702,
          0.6249261455303946,
          -0.2640948146281941
        ],
        [
          -0.5454384577798755,
          -0.31255856400199705,
          0.777691476643354
        ],
        [
          0.4034546408900101,
          0.7153841322684853,
          0.5704821610206401
        ]
      ]
    }
  },
  {
    "t": 1693895369259,
    "data": {
      "position": [
        [
          0.12950211801753284
        ],
        [
          0.21760903139104712
        ],
        [
          0.12892815307916045
        ]
      ],
      "orientation_mat": [
        [
          -0.7355640735417415,
          0.6284803230225526,
          -0.2528991444986469
        ],
        [
          -0.5375635232996296,
          -0.31429623924107625,
          0.782459796038496
        ],
        [
          0.41227533534322425,
          0.7114986701128712,
          0.5690331188035089
        ]
      ]
    }
  },
  {
    "t": 1693895369291,
    "data": {
      "position": [
        [
          0.13049616347588314
        ],
        [
          0.21792050176700045
        ],
        [
          0.12866672652026284
        ]
      ],
      "orientation_mat": [
        [
          -0.7369921046136249,
          0.6302105022563061,
          -0.24428950158169777
        ],
        [
          -0.5287839399452977,
          -0.3124846987289022,
          0.7891393146436408
        ],
        [
          0.42098715252737545,
          0.7107658094662136,
          0.5635439481537626
        ]
      ]
    }
  },
  {
    "t": 1693895369323,
    "data": {
      "position": [
        [
          0.1310640765484461
        ],
        [
          0.21849233058017412
        ],
        [
          0.12858589798707565
        ]
      ],
      "orientation_mat": [
        [
          -0.7378455844621776,
          0.6323670616257749,
          -0.23599956114461512
        ],
        [
          -0.5216796264031168,
          -0.3124195542669065,
          0.7938793293111819
        ],
        [
          0.4282922610619668,
          0.7088765206172729,
          0.5604104010740497
        ]
      ]
    }
  },
  {
    "t": 1693895369355,
    "data": {
      "position": [
        [
          0.13116967859678713
        ],
        [
          0.21887985807160928
        ],
        [
          0.12851802257316888
        ]
      ],
      "orientation_mat": [
        [
