[
  {
    "t": 1693895367163,
    "data": {
      "position": [
        [
          0.12966906394321476
        ],
        [
          0.21429958491722464
        ],
        [
          0.13029825723990388
        ]
      ],
      "orientation_mat": [
        [
          -0.7469790064035964,
          0.6219025809014572,
          -0.23507348608552725
        ],
        [
          -0.5266537916475923,
          -0.3376926938302753,
          0.7801278281646326
        ],
        [
          0.405780911004338,
          0.7065414527129733,
          0.579776705174269
        ]
      ]
    }
  },
  {
    "t": 1693895367196,
    "data": {
      "position": [
        [
          0.12963770971018068
        ],
        [
          0.21427884880159564
        ],
        [
          0.1302934570835908
        ]
      ],
      "orientation_mat": [
        [
          -0.746972607041628,
          0.6212661958982074,
          -0.2367704334658443
        ],
        [
          -0.5273682099614353,
          -0.3367977806387474,
          0.7800320673401099
        ],
        [
          0.4048637986428339,
          0.707527786585788,
          0.5792147578899473
        ]
      ]
    }
  },
  {
    "t": 1693895367225,
    "data": {
      "position": [
        [
          0.12963313181204883
        ],
        [
          0.21426921330646032
        ],
        [
          0.1302886361287494
        ]
      ],
      "orientation_mat": [
        [
          -0.746746076337011,
          0.621437131572469,
          -0.23703626089326635
        ],
        [
          -0.5274993314565367,
          -0.336286469065353,
          0.7801639994491313
        ],
        [
          0.4051107907575232,
          0.7076208746401841,
          0.5789282727465255
        ]
      ]
    }
  },
  {
    "t": 1693895367258,
    "data": {
      "position": [
        [
          0.12960267200575729
        ],
        [
          0.21428524966509743
        ],
        [
          0.13028473146947206
        ]
      ],
      "orientation_mat": [
        [
          -0.7466376598351825,
          0.6214338035158958,
          -0.23738625226328752
        ],
        [
          -0.5275632125428956,
          -0.3357641810440401,
          0.7803457384385749
        ],
        [
          0.4052274197130073,
          0.7078717698676732,
          0.5785397961567957
        ]
      ]
    }
  },
  {
    "t": 1693895367291,
    "data": {
      "position": [
        [
          0.1295605044361295
        ],
        [
          0.21428914988821748
        ],
        [
          0.13026564863771434
        ]
      ],
      "orientation_mat": [
        [
          -0.7466280300509434,
          0.6212086613312422,
          -0.2380050079920456
        ],
        [
          -0.5272210790125482,
          -0.334371722147599,
          0.7811744269194256
        ],
        [
          0.40569017561076326,
          0.7087279806209819,
          0.5771656009308015
        ]
      ]
    }
  },
  {
    "t": 1693895367323,
    "data": {
      "position": [
        [
          0.12951255243981938
        ],
        [
          0.21434081953192813
        ],
        [
          0.13027054085656492
        ]
      ],
      "orientation_mat": [
        [
          -0.7468415062962861,
          0.6212543838937886,
          -0.23721457578707858
        ],
        [
          -0.527371666866408,
          -0.3360107082763791,
          0.7803690978698172
        ],
        [
          0.4051010854831678,
          0.7079122787580077,
          0.5785787034829435
        ]
      ]
    }
  },
  {
    "t": 1693895367355,
    "data": {
      "position": [
        [
          0.12949798704421203
        ],
        [
          0.2143495802221441
        ],
        [
          0.1302680093786901
        ]
      ],
      "orientation_mat": [
        [
          -0.7471182442876488,
          0.6215283947909253,
          -0.23561999813504114
        ],
        [
          -0.5267212097360762,
          -0.3373740463693417,
          0.780220174085842
        ],
        [
          0.4054369202067141,
          0.7070227770765188,
          0.5794304931812799
        ]
      ]
    }
  },
  {
    "t": 1693895367386,
    "data": {
      "position": [
        [
          0.1295373425950166
        ],
        [
          0.21431424474509678
        ],
        [
          0.13026553888284187
        ]
      ],
      "orientation_mat": [
        [
          -0.7469945674000059,
          0.6212039829721816,
          -0.23686436586024415
        ],
        [
          -0.5268788281399077,
          -0.3358642843968235,
          0.7807649344870243
        ],
        [
          0.40546000632959567,
          0.7080259839907764,
          0.5781880224123439
        ]
      ]
    }
  },
  {
    "t": 1693895367419,
    "data": {
      "position": [
        [
          0.12955371161236576
        ],
        [
          0.21427921089256727
        ],
        [
          0.1302622927171196
        ]
      ],
      "orientation_mat": [
        [
          -0.7467779135916687,
          0.6214126081357468,
          -0.23700024941253317
        ],
        [
          -0.5270871401690042,
          -0.3356690409810495,
          0.7807082948165232
        ],
        [
          0.40558833124257265,
          0.7079354952089854,
          0.5782088205683773
        ]
      ]
    }
  },
  {
    "t": 1693895367451,
    "data": {
      "position": [
        [
          0.1295973813210499
        ],
        [
          0.21421011529652995
        ],
        [
          0.1302354162832095
        ]
      ],
      "orientation_mat": [
        [
          -0.7465551279018711,
          0.6215769125900031,
          -0.23727111652811927
        ],
        [
          -0.5272814059695466,
          -0.3352689581376843,
          0.7807490279392282
        ],
        [
          0.40574593025956396,
          0.7079808383313428,
          0.5780427083126726
        ]
      ]
    }
  },
  {
    "t": 1693895367482,
    "data": {
      "position": [
        [
          0.12968666105021096
        ],
        [
          0.2142058584553404
        ],
        [
          0.13024303715533098
        ]
      ],
      "orientation_mat": [
        [
          -0.7464863894008601,
          0.6214521102518573,
          -0.23781367728282773
        ],
        [
          -0.5274287366330737,
          -0.3347215003887804,
          0.7808843992238053
        ],
        [
          0.4056809068873064,
          0.7083493430793855,
          0.5776367456681536
        ]
      ]
    }
  },
  {
    "t": 1693895367514,
    "data": {
      "position": [
        [
          0.1297281683934538
        ],
        [
          0.21418531025014703
        ],
        [
          0.13022016225463184
        ]
      ],
      "orientation_mat": [
        [
          -0.7459170710313274,
          0.6222567703162505,
          -0.23749575772976417
        ],
        [
          -0.527679787939032,
          -0.33454126807093887,
          0.7807920218330272
        ],
        [
          0.406400989842131,
          0.7077278090855815,
          0.5778923634226867
        ]
      ]
    }
  },
  {
    "t": 1693895367562,
    "data": {
      "position": [
        [
          0.12972120482542943
        ],
        [
          0.21418890467358256
        ],
        [
          0.13021800868532835
        ]
      ],
      "orientation_mat": [
        [
          -0.7458962931762485,
          0.6224390213623276,
          -0.23708307512650428
        ],
        [
          -0.5275958672290026,
          -0.3348758345194542,
          0.7807053069742613
        ],
        [
          0.4065480546120084,
          0.7074092451618135,
          0.5781788989151925
        ]
      ]
    }
  },
  {
    "t": 1693895367596,
    "data": {
      "position": [
        [
          0.1297569991889952
        ],
        [
          0.21419072739323564
        ],
        [
          0.13021420080090185
        ]
      ],
      "orientation_mat": [
        [
          -0.7456890808696958,
          0.6224075269364262,
          -0.23781645251031386
        ],
        [
          -0.5285134916553929,
          -0.3351845179985565,
          0.7799518113526632
        ],
        [
          0.40573548502680096,
          0.7072907530195466,
          0.5788942104418641
        ]
      ]
    }
  },
  {
    "t": 1693895367626,
    "data": {
      "position": [
        [
          0.12983200762554253
        ],
        [
          0.21412228560673555
        ],
        [
          0.1301775426873756
        ]
      ],
      "orientation_mat": [
        [
          -0.7450496336582955,
          0.623506474168553,
          -0.23694033015833155
        ],
        [
          -0.5286276302057815,
          -0.33533863489793975,
          0.779808199833655
        ],
        [
          0.4067602143384466,
          0.706249018841574,
          0.5794466769398675
        ]
      ]
    }
  },
  {
    "t": 1693895367658,
    "data": {
      "position": [
        [
          0.12987373566216812
        ],
        [
          0.2140848267051494
        ],
        [
          0.1301948941645736
        ]
      ],
      "orientation_mat": [
        [
          -0.744855959496925,
          0.6239316434433143,
          -0.23642949036031924
        ],
        [
          -0.529387591696807,
          -0.33695079565796,
          0.7785967756566441
        ],
        [
          0.40612606092119985,
          0.7051052869008945,
          0.5812814783089492
        ]
      ]
    }
  },
  {
    "t": 1693895367691,
    "data": {
      "position": [
        [
          0.13002088080055457
        ],
        [
          0.21402458864487733
        ],
        [
          0.13014100199569772
        ]
      ],
      "orientation_mat": [
        [
          -0.7446228071815477,
          0.6243468612321944,
          -0.23606751554286043
        ],
        [
          -0.5289294984185354,
          -0.3361925254596126,
          0.779235632865826
        ],
        [
          0.40714918731073046,
          0.7050996969894362,
          0.5805720942119222
        ]
      ]
    }
  },
  {
    "t": 1693895367722,
    "data": {
      "position": [
        [
          0.12999911644429
        ],
        [
          0.21408002772113985
        ],
        [
          0.13015383203226286
        ]
      ],
      "orientation_mat": [
        [
          -0.7445329910352428,
          0.6244005455962526,
          -0.23620877189303746
        ],
        [
          -0.5290649906950496,
          -0.33609105092819463,
          0.779187423606688
        ],
        [
          0.4071373980377654,
          0.7051005347786112,
          0.5805793442536117
        ]
      ]
    }
  },
  {
    "t": 1693895367754,
    "data": {
      "position": [
        [
          0.12997778596047796
        ],
        [
          0.21415030917697128
        ],
        [
          0.13013483181777363
        ]
      ],
      "orientation_mat": [
        [
          -0.7449371749696126,
          0.6238161271769924,
          -0.2364784235869965
        ],
        [
          -0.5288384536857977,
          -0.3360815252145737,
          0.7793453010781937
        ],
        [
          0.40669213817273003,
          0.7056221707708341,
          0.580257578033367
        ]
      ]
    }
  },
  {
    "t": 1693895367787,
    "data": {
      "position": [
        [
          0.13003560130437605
        ],
        [
          0.21416584967460645
        ],
        [
          0.13011081095904614
        ]
      ],
      "orientation_mat": [
        [
          -0.7446687587501423,
          0.624299519229464,
          -0.236047770655396
        ],
        [
          -0.5287825632115064,
          -0.3360444891595853,
          0.7793991930640822
        ],
        [
          0.4072559890105873,
          0.7052121748774147,
          0.580360532617161
        ]
      ]
    }
  },
  {
    "t": 1693895367819,
    "data": {
      "position": [
        [
          0.130055949249767
        ],
        [
          0.21409741020422102
        ],
        [
          0.13009686899836218
        ]
      ],
      "orientation_mat": [
        [
          -0.7448170221241606,
          0.6243805470844288,
          -0.23536468719127562
        ],
        [
          -0.5280882838512844,
          -0.33595977307813385,
          0.7799062734279641
        ],
        [
          0.40788523877814337,
          0.7051808018486029,
          0.5799566093175068
        ]
      ]
    }
  },
  {
    "t": 1693895367850,
    "data": {
      "position": [
        [
          0.12999558411902815
        ],
        [
          0.21411014184337882
        ],
        [
          0.13012868897092153
        ]
      ],
      "orientation_mat": [
        [
          -0.7448325646104931,
          0.6238676409680675,
          -0.23667196126430823
        ],
        [
          -0.5284048062197173,
          -0.33490145589938664,
          0.7801470217852368
        ],
        [
          0.40744669769143893,
          0.7061375088390432,
          0.5791001702218123
        ]
      ]
    }
  },
  {
    "t": 1693895367883,
    "data": {
      "position": [
        [
          0.12995055311957127
        ],
        [
          0.21406113626655043
        ],
        [
          0.13011200478593254
        ]
      ],
      "orientation_mat": [
        [
          -0.7454533536084988,
          0.6229207210693491,
          -0.23721103021631224
        ],
        [
          -0.5280343114059202,
          -0.3346883118559678,
          0.780489269551528
        ],
        [
          0.4067911793192152,
          0.7070739064407936,
          0.578418038496931
        ]
      ]
    }
  },
  {
    "t": 1693895367914,
    "data": {
      "position": [
        [
          0.1299541177234495
        ],
        [
          0.21405932399040667
        ],
        [
          0.13012384095457138
        ]
      ],
      "orientation_mat": [
        [
          -0.746221094414444,
          0.6227795969733896,
          -0.2351587800711933
        ],
        [
          -0.5275124965963651,
          -0.33772227284385214,
          0.7795346255041222
        ],
        [
          0.4060599022134287,
          0.7057543765495504,
          0.5805395040783833
        ]
      ]
    }
  },
  {
    "t": 1693895367964,
    "data": {
      "position": [
        [
          0.12996996235471048
        ],
        [
          0.21411615891000524
        ],
        [
          0.1301311539434905
        ]
      ],
      "orientation_mat": [
        [
          -0.7464369519322698,
          0.622367422724748,
          -0.235564572720554
        ],
        [
          -0.5266599616077092,
          -0.33611788466520026,
          0.7808034659551386
        ],
        [
          0.4067691748761558,
          0.7068829880108489,
          0.578666812277519
        ]
      ]
    }
  },
  {
    "t": 1693895367995,
    "data": {
      "position": [
        [
          0.12981412970938425
        ],
        [
          0.21414684228315017
        ],
        [
          0.13016432600097724
        ]
      ],
      "orientation_mat": [
        [
          -0.7464754733529586,
          0.6222280381549878,
          -0.23581059394410442
        ],
        [
          -0.5264314951480076,
          -0.3354807943210347,
          0.7812314110159426
        ],
        [
          0.4069941628558199,
          0.7073082108780602,
          0.5779886211905625
        ]
      ]
    }
  },
  {
    "t": 1693895368028,
    "data": {
      "position": [
        [
          0.12976193161994978
        ],
        [
          0.2139583813272379
        ],
        [
          0.1301347399152836
        ]
      ],
      "orientation_mat": [
        [
          -0.747319581027841,
          0.6207727842947441,
          -0.23696960583864543
        ],
        [
          -0.5263758715586531,
          -0.3354358410088668,
          0.7812881916473218
        ],
        [
          0.4055143470374881,
          0.7086070468501036,
          0.5774375875375052
        ]
      ]
    }
  },
  {
    "t": 1693895368058,
    "data": {
      "position": [
        [
          0.1297530775831315
        ],
        [
          0.2139464594221174
        ],
        [
          0.1301576850874227
        ]
      ],
      "orientation_mat": [
        [
          -0.7477944238822338,
          0.6207626007912788,
          -0.23549372193221044
        ],
        [
          -0.5257740578989976,
          -0.33709351218104394,
          0.780979899924364
        ],
        [
          0.4054197080200461,
          0.7078289041175809,
          0.5784575203458283
        ]
      ]
    }
  },
  {
    "t": 1693895368091,
    "data": {
      "position": [
        [
          0.12966774666663483
        ],
        [
          0.21387980347688249
        ],
        [
          0.1302250456249348
        ]
      ],
      "orientation_mat": [
        [
          -0.747696139129924,
          0.6207602102332163,
          -0.23581188460596872
        ],
        [
          -0.5263997898290808,
          -0.3376099293692428,
          0.7803350542293962
        ],
        [
          0.404788518609539,
          0.7075848337708407,
          0.5791976849223301
        ]
      ]
    }
  },
  {
    "t": 1693895368123,
    "data": {
      "position": [
        [
          0.12960411651267162
        ],
        [
          0.21384923944173578
        ],
        [
          0.13025307708054967
        ]
      ],
      "orientation_mat": [
        [
          -0.7483490831614622,
          0.620167466530533,
          -0.23529973053214315
        ],
        [
          -0.5261310676906374,
          -0.3389603971322124,
          0.7799307333261604
        ],
        [
          0.40393037684990807,
          0.7074589476662746,
          0.5799500737346425
        ]
      ]
    }
  },
  {
    "t": 1693895368156,
    "data": {
      "position": [
        [
          0.12961302662888194
        ],
        [
          0.21374754723317563
        ],
        [
          0.1302947873010492
        ]
      ],
      "orientation_mat": [
        [
          -0.7479358106298171,
          0.6205926651162287,
          -0.23549260536470126
        ],
        [
          -0.5264546297903733,
          -0.3385387016593117,
          0.7798955508599267
        ],
        [
          0.4042740975499165,
          0.7072879834146512,
          0.5799191000195083
        ]
      ]
    }
  },
  {
    "t": 1693895368187,
    "data": {
      "position": [
        [
          0.12952163178426804
        ],
        [
          0.21363664148210437
        ],
        [
          0.13032861267877535
        ]
      ],
      "orientation_mat": [
        [
          -0.7487380329837688,
          0.6200453204157734,
          -0.23438250488058526
        ],
        [
          -0.5266045243467641,
          -0.34164713887111714,
          0.7784374781822225
        ],
        [
          0.40259040338924507,
          0.7062726337128464,
          0.5823228777638781
        ]
      ]
    }
  },
  {
    "t": 1693895368219,
    "data": {
      "position": [
        [
          0.12959583026880664
        ],
        [
          0.21354614341399822
        ],
        [
          0.13032669668368954
        ]
      ],
      "orientation_mat": [
        [
          -0.7494210771871989,
          0.618945425144256,
          -0.23510552898767548
        ],
        [
          -0.5258300418763443,
          -0.34061844918186257,
          0.7794112131200481
        ],
        [
          0.402331723988925,
          0.7077327410611574,
          0.5807267439184806
        ]
      ]
    }
  },
  {
    "t": 1693895368251,
    "data": {
      "position": [
        [
          0.12966170087285134
        ],
        [
          0.21352127801600124
        ],
        [
          0.13032046944336237
        ]
      ],
      "orientation_mat": [
        [
          -0.7501185981414168,
          0.6188455875548807,
          -0.23313564181868468
        ],
        [
          -0.5245703461028189,
          -0.3421537269442779,
          0.7795875698904575
        ],
        [
          0.4026760990075327,
          0.707079179372434,
          0.5812839180521691
        ]
      ]
    }
  },
  {
    "t": 1693895368283,
    "data": {
      "position": [
        [
          0.12956826090933327
        ],
        [
          0.213632173438242
        ],
        [
          0.13037172213841597
        ]
      ],
      "orientation_mat": [
        [
          -0.7497534430668569,
          0.6188545343097257,
          -0.2342836741509874
        ],
        [
          -0.5249156729709364,
          -0.34065019224561766,
          0.7800134503920382
        ],
        [
          0.4029060819581436,
          0.7077969425529587,
          0.5802500988658434
        ]
      ]
    }
  },
  {
    "t": 1693895368315,
    "data": {
      "position": [
        [
          0.12954835410380858
        ],
        [
          0.21360953915332795
        ],
        [
          0.13033484066197815
        ]
      ],
      "orientation_mat": [
        [
          -0.7504198416047833,
          0.6178762586525275,
          -0.23473174118428708
        ],
        [
          -0.524707158618583,
          -0.34092992054233034,
          0.780031529473914
        ],
        [
          0.4019358891916288,
          0.7085165617489513,
          0.5800446730271555
        ]
      ]
    }
  },
  {
    "t": 1693895368363,
    "data": {
      "position": [
        [
          0.12977845850998843
        ],
        [
          0.21368216858496203
        ],
        [
          0.13028768081748437
        ]
      ],
      "orientation_mat": [
        [
          -0.7504363762751799,
          0.6193048514856939,
          -0.2308825374281464
        ],
        [
          -0.5232343749798606,
          -0.3432279128165728,
          0.7800130695719234
        ],
        [
          0.403820546780883,
          0.7061558615418144,
          0.5816122980196752
        ]
      ]
    }
  },
  {
    "t": 1693895368395,
    "data": {
      "position": [
        [
          0.1297799054334125
        ],
        [
          0.2138192064038768
        ],
        [
          0.13029765661423562
        ]
      ],
      "orientation_mat": [
        [
          -0.7481036449533308,
          0.6208687438210679,
          -0.2342283914336385
        ],
        [
          -0.5263011269418244,
          -0.34016082084199323,
          0.7792931025896912
        ],
        [
          0.40416340777871806,
          0.7062666769076327,
          0.5812394694981952
        ]
      ]
    }
  },
  {
    "t": 1693895368427,
    "data": {
      "position": [
        [
          0.12958334595942747
        ],
        [
          0.21383345547362623
        ],
        [
          0.13029992031843887
        ]
      ],
      "orientation_mat": [
        [
          -0.7481891408660788,
          0.6195935326926828,
          -0.23731174377910652
        ],
        [
          -0.5277279022887665,
          -0.3389450807830481,
          0.7788578133131049
        ],
        [
          0.4021396158499893,
          0.7079689869326019,
          0.5805718240714487
        ]
      ]
    }
  },
  {
    "t": 1693895368460,
    "data": {
      "position": [
        [
          0.1296186961196496
        ],
        [
          0.21378476867473067
        ],
        [
          0.13026239788614813
        ]
      ],
      "orientation_mat": [
        [
          -0.7483288120452634,
          0.619839845803035,
          -0.23622564343820673
        ],
        [
          -0.5271249114206553,
          -0.3395030597773929,
          0.7790231063078644
        ],
        [
          0.4026702333457134,
          0.7074858570718271,
          0.580792945222866
        ]
      ]
    }
  },
  {
    "t": 1693895368493,
    "data": {
      "position": [
        [
          0.12964846519391007
        ],
        [
          0.21385590198271684
        ],
        [
          0.1302647247898768
        ]
      ],
      "orientation_mat": [
        [
          -0.747827738213108,
          0.620535776270913,
          -0.23598522056883658
        ],
        [
          -0.5272165612606147,
          -0.3390589782444121,
          0.7791544819895395
        ],
        [
          0.4034803235494881,
          0.7070886504814728,
          0.580714446926103
        ]
      ]
    }
  },
  {
    "t": 1693895368523,
    "data": {
      "position": [
        [
          0.1296635569316769
        ],
        [
          0.21386978127198358
        ],
        [
          0.13024195029849478
        ]
      ],
      "orientation_mat": [
        [
          -0.7470255016203116,
          0.620592689691435,
          -0.2383644550482985
        ],
        [
          -0.5279955194367675,
          -0.3359888016949543,
          0.7799565735284798
        ],
        [
          0.40394756019020606,
          0.7085028148406604,
          0.5786623626772708
        ]
      ]
    }
  },
  {
    "t": 1693895368555,
    "data": {
      "position": [
        [
          0.12972954617795124
        ],
        [
          0.2139211435090848
        ],
        [
          0.13021562519654756
        ]
      ],
      "orientation_mat": [
        [
          -0.7469455112548294,
          0.6211283609911954,
          -0.23721712077472956
        ],
        [
          -0.5277506214528841,
          -0.33685698392305635,
          0.7797478143209869
        ],
        [
          0.40441523805657487,
          0.7076206127259529,
          0.579414690591282
        ]
      ]
    }
  },
  {
    "t": 1693895368586,
    "data": {
      "position": [
        [
          0.12990316688443565
        ],
        [
          0.21399603261205957
        ],
        [
          0.13019825227085652
        ]
      ],
      "orientation_mat": [
        [
          -0.7461385815667586,
          0.6225227337108664,
          -0.2360988418241291
        ],
        [
          -0.5280480103813378,
          -0.33732939241825516,
          0.7793421454939039
        ],
        [
          0.4055151240457697,
          0.7061687666725854,
          0.5804163653329074
        ]
      ]
    }
  },
  {
    "t": 1693895368619,
    "data": {
      "position": [
        [
          0.1297524886582247
        ],
        [
          0.21412922724869718
        ],
        [
          0.1302447823205955
        ]
      ],
      "orientation_mat": [
        [
          -0.7448118420562588,
          0.6234676567855785,
          -0.23778856338155252
        ],
        [
          -0.5294446377215413,
          -0.3352738130462771,
          0.7792816216704432
        ],
        [
          0.4061326082952076,
          0.7063140599108233,
          0.5798075139661619
        ]
      ]
    }
  },
  {
    "t": 1693895368651,
    "data": {
      "position": [
        [
          0.1293534411080097
        ],
        [
          0.2141772063494952
        ],
        [
          0.13028230456200865
        ]
      ],
      "orientation_mat": [
        [
          -0.7448716229260356,
          0.6227067470068436,
          -0.23958833984918543
        ],
        [
          -0.5299114199963889,
          -0.33394251540446585,
          0.7795359410333489
        ],
        [
          0.40541355714497834,
          0.7076147989107442,
          0.5787237199610556
        ]
      ]
    }
  },
  {
    "t": 1693895368684,
    "data": {
      "position": [
        [
          0.1291719252908433
        ],
        [
          0.21421648095145543
        ],
        [
          0.1302493325953895
        ]
      ],
      "orientation_mat": [
        [
          -0.7452529411065,
          0.6215942150021893,
          -0.24128548577965414
        ],
        [
          -0.530251691970867,
          -0.33309372903024526,
          0.7796676925734183
        ],
        [
          0.40426624510852294,
          0.7089916780587326,
          0.5778404654481356
        ]
      ]
    }
  },
  {
    "t": 1693895368714,
    "data": {
      "position": [
        [
          0.12920206427587827
        ],
        [
          0.21432507120805405
        ],
        [
          0.1301848318218642
        ]
      ],
      "orientation_mat": [
        [
          -0.7453245916657766,
          0.621407792652031,
          -0.24154421601349516
        ],
        [
          -0.5299251747553845,
          -0.33232478156007916,
          0.7802176290763502
        ],
        [
          0.40456218584875037,
          0.7095157466838747,
          0.5769894652321697
        ]
      ]
    }
  },
  {
    "t": 1693895368762,
    "data": {
      "position": [
        [
          0.12921988880271645
        ],
        [
          0.21448037967202485
        ],
        [
          0.1301704813245929
        ]
      ],
      "orientation_mat": [
        [
          -0.7440684388910055,
          0.623357947917616,
          -0.24038932383581588
        ],
        [
          -0.5310801085278382,
          -0.3335454594564069,
          0.778910357359609
        ],
        [
          0.40535919450823066,
          0.7072286018282583,
          0.5792336559486897
        ]
      ]
    }
  },
  {
    "t": 1693895368794,
    "data": {
      "position": [
        [
          0.12923215810950744
        ],
        [
          0.21437039082143827
        ],
        [
          0.1301274282657649
        ]
      ],
      "orientation_mat": [
        [
          -0.7436008842364636,
          0.623470956553536,
          -0.24154024777864272
        ],
        [
          -0.5314039640113516,
          -0.3318382654258559,
          0.7794184964652694
        ],
        [
          0.40579249869332423,
          0.7079317282996841,
          0.5780701653526589
        ]
      ]
    }
  },
  {
    "t": 1693895368826,
    "data": {
      "position": [
        [
          0.1293774373770916
        ],
        [
          0.21439355287655465
        ],
        [
          0.1300724824704228
        ]
      ],
      "orientation_mat": [
        [
          -0.7435903202631274,
          0.6233797078187165,
          -0.24180813776800655
        ],
        [
          -0.5320760459620798,
          -0.33265816289008227,
          0.7786100615686613
        ],
        [
          0.4049302618036079,
          0.7076272228669889,
          0.5790467999507594
        ]
      ]
    }
  },
  {
    "t": 1693895368859,
    "data": {
      "position": [
        [
          0.1296087320287424
        ],
        [
          0.21460046383819867
        ],
        [
          0.1299854514146212
        ]
      ],
      "orientation_mat": [
        [
          -0.7428069910782207,
          0.6246256867802841,
          -0.24099901539130547
        ],
        [
          -0.5314728335082369,
          -0.33122396702909634,
          0.7796328051770485
        ],
        [
          0.407154026442139,
          0.7072011277421484,
          0.5780070619570207
        ]
      ]
    }
  },
  {
    "t": 1693895368891,
    "data": {
      "position": [
        [
          0.12974812375330394
        ],
        [
          0.21475604831779863
        ],
        [
          0.12991489947258736
        ]
      ],
      "orientation_mat": [
        [
          -0.7410022765007039,
          0.6268730820353701,
          -0.24071926645005076
        ],
        [
          -0.5327766931265183,
          -0.3306426814793516,
          0.7789893532297574
        ],
        [
          0.4087353929890903,
          0.7054824988641604,
          0.5789903473413298
        ]
      ]
    }
  },
  {
    "t": 1693895368923,
    "data": {
      "position": [
        [
          0.12979068417701226
        ],
        [
          0.2147853372575696
        ],
        [
          0.12987839391572453
        ]
      ],
      "orientation_mat": [
        [
          -0.7393308413650134,
          0.6278847592113058,
          -0.24320903798309382
        ],
        [
          -0.5353189226332992,
          -0.3290025729658048,
          0.777940202105923
        ],
        [
          0.40844039721509606,
          0.7053495843424316,
          0.5793603419209273
        ]
      ]
    }
  },
  {
    "t": 1693895368955,
    "data": {
      "position": [
        [
          0.12892045741387506
        ],
        [
          0.2153134287873127
        ],
        [
          0.13013119056766137
        ]
      ],
      "orientation_mat": [
        [
          -0.7342558829747936,
          0.629293189368605,
          -0.2546730848189406
        ],
        [
          -0.5435694861248662,
          -0.3202406297762874,
          0.7758725106577984
        ],
        [
          0.40669461770578563,
          0.7081214732337777,
          0.5772031419477625
        ]
      ]
    }
  },
  {
    "t": 1693895368989,
    "data": {
      "position": [
        [
          0.1275686085238525
        ],
        [
          0.21552001466782497
        ],
        [
          0.13023390462445333
        ]
      ],
      "orientation_mat": [
        [
          -0.734595577143556,
          0.6225296289156812,
          -0.2698632971769782
        ],
        [
          -0.5522922167953717,
          -0.31758136843689944,
          0.7707888048544818
        ],
        [
          0.3941353134500636,
          0.7152614455874513,
          0.577112137411586
        ]
      ]
    }
  },
  {
    "t": 1693895369019,
    "data": {
      "position": [
        [
          0.12751488828095878
        ],
        [
          0.21590944766856238
        ],
        [
          0.1299943460212833
        ]
      ],
      "orientation_mat": [
        [
          -0.7383324994040137,
          0.6173735923992608,
          -0.2715050049849053
        ],
        [
          -0.5502804018869331,
          -0.31868966755309985,
          0.7717696386189663
        ],
        [
          0.3899443545212284,
          0.7192264895030813,
          0.5750275273185591
        ]
      ]
    }
  },
  {
    "t": 1693895369051,
    "data": {
      "position": [
        [
          0.12794694759425895
        ],
        [
          0.21644992519788417
        ],
        [
          0.12969313587159048
        ]
      ],
      "orientation_mat": [
        [
          -0.7366438017654346,
          0.6207333450883515,
          -0.268413903544493
        ],
        [
          -0.5475705771469747,
          -0.31452692290133494,
          0.775396206989141
        ],
        [
          0.3968908821874042,
          0.7181663658691092,
          0.5715896242680242
        ]
      ]
    }
  },
  {
    "t": 1693895369082,
    "data": {
      "position": [
        [
          0.12772271687986803
        ],
        [
          0.2167513904781091
        ],
        [
          0.1297217423222558
        ]
      ],
      "orientation_mat": [
        [
          -0.7311253680699856,
          0.625159833718618,
          -0.2731865268812462
        ],
        [
          -0.5530469739033294,
          -0.3086118954209324,
          0.7738848381129262
        ],
        [
          0.39949310484775347,
          0.7168918191119282,
          0.5713767398743959
        ]
      ]
    }
  },
  {
    "t": 1693895369115,
    "data": {
      "position": [
        [
          0.12708899281079364
        ],
        [
          0.21697398109902277
        ],
        [
          0.12982805220217045
        ]
      ],
      "orientation_mat": [
        [
          -0.7301805294544199,
          0.624420326784931,
          -0.2773727634492307
        ],
        [
          -0.5571418913131899,
          -0.3091424088565477,
          0.7707294492818689
        ],
        [
          0.3955114503394618,
          0.7173076233696191,
          0.5736204896150457
        ]
      ]
    }
  },
  {
    "t": 1693895369163,
    "data": {
      "position": [
        [
          0.12694027079263953
        ],
        [
          0.2170096293814399
        ],
        [
          0.129712879722729
        ]
      ],
      "orientation_mat": [
        [
          -0.7304899905111728,
          0.6225625546637247,
          -0.28071380317605243
        ],
        [
          -0.5579224109000439,
          -0.3069877808254953,
          0.7710259955665051
        ],
        [
          0.3938362060279238,
          0.7198432940261474,
          0.5715931025363378
        ]
      ]
    }
  },
  {
    "t": 1693895369194,
    "data": {
      "position": [
        [
          0.12740902706483861
        ],
        [
          0.2170515546244343
        ],
        [
          0.12951104233155897
        ]
      ],
      "orientation_mat": [
        [
          -0.7331071873045691,
          0.6225950253045321,
          -0.2737321435060785
        ],
        [
          -0.5527507854728356,
          -0.3109321596737861,
          0.7731673565533907
        ],
        [
          0.3962580233655169,
          0.718120203410713,
          0.5720864902895444
        ]
      ]
    }
  },
  {
    "t": 1693895369228,
    "data": {
      "position": [
        [
          0.12835495301605682
        ],
        [
          0.2173176469323719
        ],
        [
          0.12924926216540886
        ]
      ],
      "orientation_mat": [
        [
          -0.7346572272284702,
          0.6249261455303923,
          -0.2640948146281994
        ],
        [
          -0.5454384577798796,
          -0.3125585640019977,
          0.777691476643351
        ],
        [
          0.4034546408900046,
          0.715384132268487,
          0.5704821610206418
        ]
      ]
    }
  },
  {
    "t": 1693895369259,
    "data": {
      "position": [
        [
          0.12950211801753284
        ],
        [
          0.21760903139104718
        ],
        [
          0.12892815307916045
        ]
      ],
      "orientation_mat": [
        [
          -0.7355640735417409,
          0.6284803230225543,
          -0.25289914449864426
        ],
        [
          -0.5375635232996286,
          -0.31429623924107686,
          0.7824597960384964
        ],
        [
          0.4122753353432267,
          0.7114986701128693,
          0.5690331188035085
        ]
      ]
    }
  },
  {
    "t": 1693895369291,
    "data": {
      "position": [
        [
          0.13049616347588314
        ],
        [
          0.21792050176700042
        ],
        [
          0.12866672652026287
        ]
      ],
      "orientation_mat": [
        [
          -0.736992104613625,
          0.6302105022563057,
          -0.24428950158169815
        ],
        [
          -0.5287839399452988,
          -0.3124846987289038,
          0.7891393146436395
        ],
        [
          0.42098715252737384,
          0.7107658094662131,
          0.5635439481537644
        ]
      ]
    }
  },
  {
    "t": 1693895369323,
    "data": {
      "position": [
        [
          0.13106407654844607
        ],
        [
          0.21849233058017417
        ],
        [
          0.12858589798707565
        ]
      ],
      "orientation_mat": [
        [
          -0.7378455844621779,
          0.6323670616257753,
          -0.2359995611446133
        ],
        [
          -0.5216796264031143,
          -0.3124195542669048,
          0.7938793293111841
        ],
        [
          0.4282922610619695,
          0.7088765206172731,
          0.5604104010740469
        ]
      ]
    }
  },
  {
    "t": 1693895369356,
    "data": {
      "position": [
        [
          0.13116967859678713
        ],
        [
          0.2188798580716093
        ],
        [
          0.1285180225731689
        ]
      ],
      "orientation_mat": [
        [
          -0.7387012768447222,
