[
  {
    "t": 1693895367163,
    "data": {
      "position": [
        [
          0.12960799173245893
        ],
        [
          0.21444690737711652
        ],
        [
          0.13035678194436928
        ]
      ],
      "orientation_mat": [
        [
          -0.7477226598766451,
          0.6227028561782109,
          -0.230547124932178
        ],
        [
          -0.5245631694334416,
          -0.3410705168609201,
          0.7800669098238734
        ],
        [
          0.4071170656960199,
          0.7042102352534526,
          0.5816731379248479
        ]
      ]
    }
  },
  {
    "t": 1693895367196,
    "data": {
      "position": [
        [
          0.1295926510100703
        ],
        [
          0.21437926661011372
        ],
        [
          0.13033151052952793
        ]
      ],
      "orientation_mat": [
        [
          -0.7476457638541782,
          0.6218438928417731,
          -0.2331008037873138
        ],
        [
          -0.5257801459994285,
          -0.33984279627069336,
          0.7797833749803439
        ],
        [
          0.4056859004990463,
          0.7055615116758461,
          0.5810351997753426
        ]
      ]
    }
  },
  {
    "t": 1693895367226,
    "data": {
      "position": [
        [
          0.12957993473705248
        ],
        [
          0.21439445610467914
        ],
        [
          0.13033837109151258
        ]
      ],
      "orientation_mat": [
        [
          -0.7474647152060049,
          0.6221283057219026,
          -0.23292245649915513
        ],
        [
          -0.5255586877004773,
          -0.33935678476718345,
          0.7801442420572182
        ],
        [
          0.40630599959212776,
          0.7055447142825706,
          0.5806221584157526
        ]
      ]
    }
  },
  {
    "t": 1693895367258,
    "data": {
      "position": [
        [
          0.1295431473559041
        ],
        [
          0.21442162758863395
        ],
        [
          0.13033781822898777
        ]
      ],
      "orientation_mat": [
        [
          -0.747492579557715,
          0.6222280842215852,
          -0.23256623725745074
        ],
        [
          -0.5253340827159795,
          -0.3394635223947258,
          0.7802490746552192
        ],
        [
          0.40654513284887994,
          0.7054053644318997,
          0.5806240838852494
        ]
      ]
    }
  },
  {
    "t": 1693895367291,
    "data": {
      "position": [
        [
          0.12951172457723453
        ],
        [
          0.21439441829322078
        ],
        [
          0.13030288539688506
        ]
      ],
      "orientation_mat": [
        [
          -0.7473743055309776,
          0.6219717954264181,
          -0.23362947829014802
        ],
        [
          -0.525452589686064,
          -0.33812358160839184,
          0.7807509331102475
        ],
        [
          0.40660942367866704,
          0.7062744008204963,
          0.579521567606721
        ]
      ]
    }
  },
  {
    "t": 1693895367322,
    "data": {
      "position": [
        [
          0.12944464421471719
        ],
        [
          0.2144946900347481
        ],
        [
          0.13032920646098978
        ]
      ],
      "orientation_mat": [
        [
          -0.7478252954104602,
          0.6222164477636614,
          -0.23152541907235347
        ],
        [
          -0.5248297678262155,
          -0.34048996576435425,
          0.7801412038966216
        ],
        [
          0.4065846066290987,
          0.7049207582034736,
          0.5811847230494808
        ]
      ]
    }
  },
  {
    "t": 1693895367355,
    "data": {
      "position": [
        [
          0.12942525182350204
        ],
        [
          0.2145215252439555
        ],
        [
          0.1303351484480242
        ]
      ],
      "orientation_mat": [
        [
          -0.7480610835938981,
          0.6225247954933222,
          -0.22992932437668845
        ],
        [
          -0.5241594600275596,
          -0.3417522399842591,
          0.7800399136770878
        ],
        [
          0.40701532609465707,
          0.7040371335815597,
          0.5819538116228136
        ]
      ]
    }
  },
  {
    "t": 1693895367387,
    "data": {
      "position": [
        [
          0.1294690158155127
        ],
        [
          0.21448519688297527
        ],
        [
          0.13033320335783513
        ]
      ],
      "orientation_mat": [
        [
          -0.7477181154851033,
          0.6221455779320857,
          -0.23206141349857562
        ],
        [
          -0.5247814071896417,
          -0.3395418885025142,
          0.7805868181183985
        ],
        [
          0.4068440664965696,
          0.7054404197462018,
          0.5803720528633656
        ]
      ]
    }
  },
  {
    "t": 1693895367419,
    "data": {
      "position": [
        [
          0.12947668218244857
        ],
        [
          0.21446770089677325
        ],
        [
          0.13033703359299123
        ]
      ],
      "orientation_mat": [
        [
          -0.7476732316711924,
          0.6224069272705165,
          -0.231504547532072
        ],
        [
          -0.5246637314624024,
          -0.33995614478545344,
          0.7804856107005176
        ],
        [
          0.40707825725565766,
          0.7050102385840122,
          0.5807304503480172
        ]
      ]
    }
  },
  {
    "t": 1693895367451,
    "data": {
      "position": [
        [
          0.12952698178711183
        ],
        [
          0.21438329012089782
        ],
        [
          0.13030373686249624
        ]
      ],
      "orientation_mat": [
        [
          -0.7473543425255795,
          0.6225559608499545,
          -0.23213263949377844
        ],
        [
          -0.5250088158726984,
          -0.3391960721626984,
          0.7805842477819702
        ],
        [
          0.40721889686519425,
          0.705244709472951,
          0.5803470253187368
        ]
      ]
    }
  },
  {
    "t": 1693895367482,
    "data": {
      "position": [
        [
          0.12962698390298885
        ],
        [
          0.2143665842219689
        ],
        [
          0.1303054701477634
        ]
      ],
      "orientation_mat": [
        [
          -0.7468783598005332,
          0.6224524263321556,
          -0.23393523166654012
        ],
        [
          -0.5259570561061166,
          -0.3377291363169716,
          0.7805819659810107
        ],
        [
          0.40686839493115295,
          0.7060396642086086,
          0.5796258291090401
        ]
      ]
    }
  },
  {
    "t": 1693895367515,
    "data": {
      "position": [
        [
          0.12967250690561125
        ],
        [
          0.21432369634750412
        ],
        [
          0.13027263228818617
        ]
      ],
      "orientation_mat": [
        [
          -0.746473034285539,
          0.6231461778333687,
          -0.23338134059132482
        ],
        [
          -0.5260563727892156,
          -0.33787206950967985,
          0.7804531743116301
        ],
        [
          0.40748337601967793,
          0.70535899065434,
          0.5800224069557105
        ]
      ]
    }
  },
  {
    "t": 1693895367563,
    "data": {
      "position": [
        [
          0.12963837046984444
        ],
        [
          0.2143863112132005
        ],
        [
          0.1302953447063803
        ]
      ],
      "orientation_mat": [
        [
          -0.7469326312243483,
          0.6235640048278162,
          -0.23078036375603322
        ],
        [
          -0.52478267630155,
          -0.33974698088186966,
          0.7804967210920475
        ],
        [
          0.4082827293262042,
          0.7040880064769957,
          0.5810036936794772
        ]
      ]
    }
  },
  {
    "t": 1693895367595,
    "data": {
      "position": [
        [
          0.12969395163414704
        ],
        [
          0.21434840280374043
        ],
        [
          0.13027495585328838
        ]
      ],
      "orientation_mat": [
        [
          -0.7463189377634927,
          0.6233692016706553,
          -0.23327854925830976
        ],
        [
          -0.5266623838621833,
          -0.33877494969367955,
          0.7796526578449192
        ],
        [
          0.40698252611159363,
          0.7047285802835972,
          0.5811392703744006
        ]
      ]
    }
  },
  {
    "t": 1693895367627,
    "data": {
      "position": [
        [
          0.12974833860767554
        ],
        [
          0.21433275912234317
        ],
        [
          0.1302616713743082
        ]
      ],
      "orientation_mat": [
        [
          -0.7459143790692375,
          0.6246715623376768,
          -0.23107829474954972
        ],
        [
          -0.525979532307554,
          -0.3396245222262836,
          0.7797440063867728
        ],
        [
          0.40860405124188454,
          0.7031647197557446,
          0.5818952708173055
        ]
      ]
    }
  },
  {
    "t": 1693895367658,
    "data": {
      "position": [
        [
          0.12978807517912097
        ],
        [
          0.21430303068477785
        ],
        [
          0.1302844239618708
        ]
      ],
      "orientation_mat": [
        [
          -0.7457269165722114,
          0.6249210493989211,
          -0.23100876156079755
        ],
        [
          -0.5268958628478214,
          -0.3409550635913766,
          0.7785437651957982
        ],
        [
          0.40776477976101855,
          0.7022986021839653,
          0.5835276837964902
        ]
      ]
    }
  },
  {
    "t": 1693895367690,
    "data": {
      "position": [
        [
          0.12994981704927275
        ],
        [
          0.21421699421862875
        ],
        [
          0.13021596183119155
        ]
      ],
      "orientation_mat": [
        [
          -0.7450562516873352,
          0.6256025341119922,
          -0.23132801631940658
        ],
        [
          -0.5270038794012737,
          -0.3395502193914161,
          0.7790844367635954
        ],
        [
          0.4088497192338839,
          0.7023724922175516,
          0.5826789761596682
        ]
      ]
    }
  },
  {
    "t": 1693895367722,
    "data": {
      "position": [
        [
          0.12992822819666372
        ],
        [
          0.21424909654740956
        ],
        [
          0.13022026187789876
        ]
      ],
      "orientation_mat": [
        [
          -0.7454045269505123,
          0.6253445382343621,
          -0.2309032258374394
        ],
        [
          -0.5266632409691838,
          -0.34011250814875615,
          0.7790695170603185
        ],
        [
          0.40865379211934205,
          0.702330186095696,
          0.5828673844754628
        ]
      ]
    }
  },
  {
    "t": 1693895367754,
    "data": {
      "position": [
        [
          0.12991336738615417
        ],
        [
          0.21429801186732073
        ],
        [
          0.1301875384797057
        ]
      ],
      "orientation_mat": [
        [
          -0.7457424561354306,
          0.6249590344938747,
          -0.23085578684880173
        ],
        [
          -0.5265829825803854,
          -0.3406346919422173,
          0.7788956086037309
        ],
        [
          0.4081403576881869,
          0.702420253018031,
          0.5831185441882674
        ]
      ]
    }
  },
  {
    "t": 1693895367787,
    "data": {
      "position": [
        [
          0.12998768105236774
        ],
        [
          0.21428907043421627
        ],
        [
          0.13015685626839563
        ]
      ],
      "orientation_mat": [
        [
          -0.7450420554715272,
          0.6251846837124143,
          -0.23250042329030327
        ],
        [
          -0.5274252352056467,
          -0.3387891372224566,
          0.7791306320305547
        ],
        [
          0.408331919946298,
          0.7031116780081752,
          0.582150334021632
        ]
      ]
    }
  },
  {
    "t": 1693895367819,
    "data": {
      "position": [
        [
          0.12997141014600577
        ],
        [
          0.2143036046174568
        ],
        [
          0.1301809428117805
        ]
      ],
      "orientation_mat": [
        [
          -0.7458078327960789,
          0.6253700997881333,
          -0.2295275905659196
        ],
        [
          -0.5253089908136586,
          -0.3402185109305915,
          0.7799370673269137
        ],
        [
          0.4096597865428722,
          0.7022560808644889,
          0.5822501663189951
        ]
      ]
    }
  },
  {
    "t": 1693895367850,
    "data": {
      "position": [
        [
          0.1299276078556607
        ],
        [
          0.21426337705312543
        ],
        [
          0.13019023593867868
        ]
      ],
      "orientation_mat": [
        [
          -0.7458542841712021,
          0.6245895713904817,
          -0.23149352926964906
        ],
        [
          -0.5259410627075187,
          -0.3389330762542439,
          0.7800707457525379
        ],
        [
          0.4087632387355171,
          0.7035710604701483,
          0.5812919899046961
        ]
      ]
    }
  },
  {
    "t": 1693895367883,
    "data": {
      "position": [
        [
          0.1298781113175808
        ],
        [
          0.21422389052321872
        ],
        [
          0.13017493264988084
        ]
      ],
      "orientation_mat": [
        [
          -0.7465097525771995,
          0.6238312461417027,
          -0.23142550776528206
        ],
        [
          -0.5254392306957479,
          -0.3393190273284826,
          0.7802411246138677
        ],
        [
          0.408211714864957,
          0.704057649649617,
          0.5810903731923879
        ]
      ]
    }
  },
  {
    "t": 1693895367914,
    "data": {
      "position": [
        [
          0.12987584031039595
        ],
        [
          0.21425118551403213
        ],
        [
          0.13020114862041085
        ]
      ],
      "orientation_mat": [
        [
          -0.7471142046909235,
          0.6237701223594743,
          -0.22963274940803957
        ],
        [
          -0.5249429042073614,
          -0.34178239639306895,
          0.7794996734047758
        ],
        [
          0.4077441752758584,
          0.7029193609280212,
          0.5827941828477294
        ]
      ]
    }
  },
  {
    "t": 1693895367963,
    "data": {
      "position": [
        [
          0.12992105353757646
        ],
        [
          0.2142370587163798
        ],
        [
          0.13017676890437455
        ]
      ],
      "orientation_mat": [
        [
          -0.746917234263985,
          0.6232108390899013,
          -0.23178199930171575
        ],
        [
          -0.525076097749002,
          -0.3389718346567329,
          0.7806363986403204
        ],
        [
          0.4079334954770445,
          0.7047739675600326,
          0.5804170206994025
        ]
      ]
    }
  },
  {
    "t": 1693895367995,
    "data": {
      "position": [
        [
          0.12977329424054065
        ],
        [
          0.2142191819334676
        ],
        [
          0.1301939441141406
        ]
      ],
      "orientation_mat": [
        [
          -0.7474673690694358,
          0.6224226717753873,
          -0.2321261506948415
        ],
        [
          -0.5244742025705655,
          -0.338480383036747,
          0.7812540183175165
        ],
        [
          0.4077000650164104,
          0.7057060634281709,
          0.5794476758313294
        ]
      ]
    }
  },
  {
    "t": 1693895368027,
    "data": {
      "position": [
        [
          0.12968208761519232
        ],
        [
          0.21413607327926062
        ],
        [
          0.13020464149796854
        ]
      ],
      "orientation_mat": [
        [
          -0.7485408930271048,
          0.6215633207807578,
          -0.23096659872410374
        ],
        [
          -0.5237322128342137,
          -0.3405707296857639,
          0.7808432283890822
        ],
        [
          0.4066830469861785,
          0.7054577353330979,
          0.5804638515469631
        ]
      ]
    }
  },
  {
    "t": 1693895368059,
    "data": {
      "position": [
        [
          0.12971302151699865
        ],
        [
          0.21404529536816158
        ],
        [
          0.13019794453930011
        ]
      ],
      "orientation_mat": [
        [
          -0.748253724259573,
          0.621199491881893,
          -0.23286810734266886
        ],
        [
          -0.5245829239526396,
          -0.3391438797342221,
          0.7808931967536396
        ],
        [
          0.40611466364683,
          0.7064648753650088,
          0.5796363168802698
        ]
      ]
    }
  },
  {
    "t": 1693895368092,
    "data": {
      "position": [
        [
          0.12959102047622745
        ],
        [
          0.2140552989356532
        ],
        [
          0.13030200755434018
        ]
      ],
      "orientation_mat": [
        [
          -0.748946262198057,
          0.6211375490389207,
          -0.23079783689082012
        ],
        [
          -0.5236205523477867,
          -0.34131671839422856,
          0.7805923487349808
        ],
        [
          0.4060800579917192,
          0.7054722127189117,
          0.5808682669787746
        ]
      ]
    }
  },
  {
    "t": 1693895368122,
    "data": {
      "position": [
        [
          0.12952182484101105
        ],
        [
          0.21404049555834975
        ],
        [
          0.13033050881971198
        ]
      ],
      "orientation_mat": [
        [
          -0.7495200065109247,
          0.620978745180173,
          -0.22935814324832937
        ],
        [
          -0.5233047751746117,
          -0.34360993208083496,
          0.7797976191646478
        ],
        [
          0.4054280110196046,
          0.7044981281805238,
          0.582503661165169
        ]
      ]
    }
  },
  {
    "t": 1693895368155,
    "data": {
      "position": [
        [
          0.1295430224252629
        ],
        [
          0.21392307358564103
        ],
        [
          0.1303715225133898
        ]
      ],
      "orientation_mat": [
        [
          -0.7488117186283176,
          0.6210498066366277,
          -0.23146953951116941
        ],
        [
          -0.5242648237500642,
          -0.3413508392397919,
          0.780144857785145
        ],
        [
          0.40549649150543765,
          0.7055329490724705,
          0.5812020760027307
        ]
      ]
    }
  },
  {
    "t": 1693895368187,
    "data": {
      "position": [
        [
          0.12943345962777297
        ],
        [
          0.21384064589636162
        ],
        [
          0.13041384230930209
        ]
      ],
      "orientation_mat": [
        [
          -0.7500744827638791,
          0.6206253387583052,
          -0.22850045776242595
        ],
        [
          -0.523700132526316,
          -0.3463776771716666,
          0.7783062867207742
        ],
        [
          0.40388914506138746,
          0.7034534054564665,
          0.5848306292024059
        ]
      ]
    }
  },
  {
    "t": 1693895368219,
    "data": {
      "position": [
        [
          0.12951225532275493
        ],
        [
          0.21376172259036788
        ],
        [
          0.13041315271098058
        ]
      ],
      "orientation_mat": [
        [
          -0.7502256420001362,
          0.6200405657313762,
          -0.22958916118362052
        ],
        [
          -0.5233537816564328,
          -0.3446814947997122,
          0.7792916568067098
        ],
        [
          0.40405730448959154,
          0.7048009392659397,
          0.58308947057759
        ]
      ]
    }
  },
  {
    "t": 1693895368251,
    "data": {
      "position": [
        [
          0.12960563835023647
        ],
        [
          0.21367153307026557
        ],
        [
          0.13038009382907745
        ]
      ],
      "orientation_mat": [
        [
          -0.7505380006755693,
          0.6196954752249464,
          -0.22949995104062032
        ],
        [
          -0.5230005143608301,
          -0.34474397813971913,
          0.7795011555570064
        ],
        [
          0.4039346129266796,
          0.7050738312560811,
          0.5828445083876531
        ]
      ]
    }
  },
  {
    "t": 1693895368283,
    "data": {
      "position": [
        [
          0.12950414742151856
        ],
        [
          0.21377391767965748
        ],
        [
          0.1304280826519891
        ]
      ],
      "orientation_mat": [
        [
          -0.7507967783655616,
          0.6195302785329463,
          -0.22909917410759817
        ],
        [
          -0.5223407232072793,
          -0.34456647966931814,
          0.7800218650573773
        ],
        [
          0.4043072674033821,
          0.7053057316293289,
          0.5823052966061928
        ]
      ]
    }
  },
  {
    "t": 1693895368315,
    "data": {
      "position": [
        [
          0.12946413321918937
        ],
        [
          0.2138046317170196
        ],
        [
          0.1304073770574966
        ]
      ],
      "orientation_mat": [
        [
          -0.7515286054104238,
          0.6191146052451922,
          -0.22781979901218713
        ],
        [
          -0.5217506168452567,
          -0.3464769504924224,
          0.7795704051585499
        ],
        [
          0.403709114427031,
          0.7047345800722151,
          0.5834107665950133
        ]
      ]
    }
  },
  {
    "t": 1693895368363,
    "data": {
      "position": [
        [
          0.12971687919576821
        ],
        [
          0.21387425128005352
        ],
        [
          0.13036248470487322
        ]
      ],
      "orientation_mat": [
        [
          -0.7503645889788101,
          0.620779674889765,
          -0.22712458882828845
        ],
        [
          -0.5217405820111424,
          -0.3452245342045246,
          0.7801325439090101
        ],
        [
          0.4058814465941205,
          0.7038839508235906,
          0.582930214591453
        ]
      ]
    }
  },
  {
    "t": 1693895368395,
    "data": {
      "position": [
        [
          0.12975643941733794
        ],
        [
          0.21387268219641137
        ],
        [
          0.1303178530485014
        ]
      ],
      "orientation_mat": [
        [
          -0.7484381203542518,
          0.6212863027077467,
          -0.23204247470739642
        ],
        [
          -0.5251914892792644,
          -0.3415715161070792,
          0.7794246589459044
        ],
        [
          0.4049867647087035,
          0.7052178595668501,
          0.5819394220696233
        ]
      ]
    }
  },
  {
    "t": 1693895368427,
    "data": {
      "position": [
        [
          0.12953170882068576
        ],
        [
          0.21391657384572815
        ],
        [
          0.13032816229532893
        ]
      ],
      "orientation_mat": [
        [
          -0.7495146165487631,
          0.6200396727324767,
          -0.2319022290051645
        ],
        [
          -0.5252569498471685,
          -0.34381044499341246,
          0.7783954743899022
        ],
        [
          0.4029056666479261,
          0.7052270429806524,
          0.5833711011283947
        ]
      ]
    }
  },
  {
    "t": 1693895368459,
    "data": {
      "position": [
        [
          0.12954219976889647
        ],
        [
          0.21397339561068127
        ],
        [
          0.13033544159873794
        ]
      ],
      "orientation_mat": [
        [
          -0.7491746646334401,
          0.6209364435029131,
          -0.23059760406675167
        ],
        [
          -0.5246883296018884,
          -0.34383784851159105,
          0.7787667755563923
        ],
        [
          0.404276487877978,
          0.704424209593107,
          0.5833927101774353
        ]
      ]
    }
  },
  {
    "t": 1693895368491,
    "data": {
      "position": [
        [
          0.12958729570611927
        ],
        [
          0.2140087183724086
        ],
        [
          0.1303227911352703
        ]
      ],
      "orientation_mat": [
        [
          -0.7484466125251963,
          0.6215413009529092,
          -0.2313311034195878
        ],
        [
          -0.5252568342484001,
          -0.34259254908279313,
          0.7789323484028015
        ],
        [
          0.4048863127779299,
          0.7044975205937347,
          0.5828810489305462
        ]
      ]
    }
  },
  {
    "t": 1693895368523,
    "data": {
      "position": [
        [
          0.12960831063812325
        ],
        [
          0.2139981060944996
        ],
        [
          0.13029047597545634
        ]
      ],
      "orientation_mat": [
        [
          -0.7477745534081255,
          0.6214779615482902,
          -0.23366292086050083
        ],
        [
          -0.5258541434355983,
          -0.3394978607928705,
          0.7798837236079992
        ],
        [
          0.40535248501383553,
          0.7060498182329962,
          0.5806746223714805
        ]
      ]
    }
  },
  {
    "t": 1693895368555,
    "data": {
      "position": [
        [
          0.129658928648091
        ],
        [
          0.2141021348038154
        ],
        [
          0.13028362426604578
        ]
      ],
      "orientation_mat": [
        [
          -0.7475494862022533,
          0.6224126365149593,
          -0.23188849817367901
        ],
        [
          -0.5255978015831496,
          -0.3408724046547811,
          0.7794568331317825
        ],
        [
          0.4060993925749055,
          0.7045626399770034,
          0.5819577043900429
        ]
      ]
    }
  },
  {
    "t": 1693895368587,
    "data": {
      "position": [
        [
          0.12985114988607976
        ],
        [
          0.2141529227388701
        ],
        [
          0.13025993632620136
        ]
      ],
      "orientation_mat": [
        [
          -0.74618053832093,
          0.6236729265008568,
          -0.23290917753696175
        ],
        [
          -0.5267412415422649,
          -0.33912611321648445,
          0.77944669079623
        ],
        [
          0.4071342145897352,
          0.7042908206732054,
          0.5815635573399204
        ]
      ]
    }
  },
  {
    "t": 1693895368619,
    "data": {
      "position": [
        [
          0.12972669253848976
        ],
        [
          0.2141650604113208
        ],
        [
          0.13025917098242323
        ]
      ],
      "orientation_mat": [
        [
          -0.7456307123803313,
          0.6235601912627919,
          -0.23496282392648826
        ],
        [
          -0.5278483336877491,
          -0.3374952215274052,
          0.7794056145995062
        ],
        [
          0.4067074837991873,
          0.7051734987352246,
          0.5807920103645154
        ]
      ]
    }
  },
  {
    "t": 1693895368650,
    "data": {
      "position": [
        [
          0.12928947213084135
        ],
        [
          0.21425454472226854
        ],
        [
          0.13031159489462946
        ]
      ],
      "orientation_mat": [
        [
          -0.7470937254755694,
          0.6228191658915645,
          -0.2322654773167348
        ],
        [
          -0.526007053759219,
          -0.34029294796457765,
          0.7794339542008186
        ],
        [
          0.4064081012364062,
          0.7044834960193982,
          0.5818380007233166
        ]
      ]
    }
  },
  {
    "t": 1693895368684,
    "data": {
      "position": [
        [
          0.1290861653554894
        ],
        [
          0.21438158449897382
        ],
        [
          0.13030840226357512
        ]
      ],
      "orientation_mat": [
        [
          -0.747033690137744,
          0.6227278374497899,
          -0.2327030430920345
        ],
        [
          -0.5263234660009651,
          -0.3401865009360392,
          0.7792668052198972
        ],
        [
          0.4061086984243456,
          0.7046156292944419,
          0.5818870509111557
        ]
      ]
    }
  },
  {
    "t": 1693895368714,
    "data": {
      "position": [
        [
          0.1291592359583183
        ],
        [
          0.21442427159755537
        ],
        [
          0.1302141445908886
        ]
      ],
      "orientation_mat": [
        [
          -0.7457919127825732,
          0.622678880463623,
          -0.23678140689817678
        ],
        [
          -0.5282282125380657,
          -0.33616799722265295,
          0.779721766479653
        ],
        [
          0.40591794528814656,
          0.7065848069891396,
          0.5796279256774727
        ]
      ]
    }
  },
  {
    "t": 1693895368762,
    "data": {
      "position": [
        [
          0.12916270100890584
        ],
        [
          0.21462062034994123
        ],
        [
          0.13022428286481222
        ]
      ],
      "orientation_mat": [
        [
          -0.7447449665882078,
          0.6244139523617924,
          -0.2355040357137311
        ],
        [
          -0.5287840302541962,
          -0.33686127417897493,
          0.7790455258241628
        ],
        [
          0.4071147063048183,
          0.7047210072464437,
          0.5810558646601015
        ]
      ]
    }
  },
  {
    "t": 1693895368794,
    "data": {
      "position": [
        [
          0.129148013940366
        ],
        [
          0.21456777079469744
        ],
        [
          0.1302065879063653
        ]
      ],
      "orientation_mat": [
        [
          -0.744812971259638,
          0.6245260313557286,
          -0.234991221117839
        ],
        [
          -0.5282815666152068,
          -0.3367530110398306,
          0.7794331247324497
        ],
        [
          0.40764227481699256,
          0.7046734319631125,
          0.5807436009697879
        ]
      ]
    }
  },
  {
    "t": 1693895368827,
    "data": {
      "position": [
        [
          0.12929913318518765
        ],
        [
          0.21460244543353157
        ],
        [
          0.13015051232924388
        ]
      ],
      "orientation_mat": [
        [
          -0.7441407999518576,
          0.625029433986227,
          -0.23578099265603736
        ],
        [
          -0.52972983072588,
          -0.3370769783291649,
          0.778309332540482
        ],
        [
          0.40698989703202737,
          0.7040719546547332,
          0.5819294685634364
        ]
      ]
    }
  },
  {
    "t": 1693895368858,
    "data": {
      "position": [
        [
          0.12956841194552904
        ],
        [
          0.21473020959458472
        ],
        [
          0.1300240974523433
        ]
      ],
      "orientation_mat": [
        [
          -0.7424741105648098,
          0.626484614940179,
          -0.23716918514902013
        ],
        [
          -0.5306306645349261,
          -0.3339498551682833,
          0.7790433826741008
        ],
        [
          0.4088560785853835,
          0.7042687849651852,
          0.5803810692359329
        ]
      ]
    }
  },
  {
    "t": 1693895368891,
    "data": {
      "position": [
        [
          0.12970740104239786
        ],
        [
          0.21487143691300162
        ],
        [
          0.12995280903111212
        ]
      ],
      "orientation_mat": [
        [
          -0.7410409568653733,
          0.6282274446481397,
          -0.23704130028102774
        ],
        [
          -0.5316207516147669,
          -0.3332869902283719,
          0.77865214222852
        ],
        [
          0.4101678640515396,
          0.7030292027614369,
          0.5809580564584815
        ]
      ]
    }
  },
  {
    "t": 1693895368922,
    "data": {
      "position": [
        [
          0.1297307949436805
        ],
        [
          0.21492843490459101
        ],
        [
          0.1299367465959273
        ]
      ],
      "orientation_mat": [
        [
          -0.7401430231795192,
          0.6288018570871978,
          -0.23832022524824262
        ],
        [
          -0.5327817670868058,
          -0.3321176805256416,
          0.7783581662333404
        ],
        [
          0.41028269997471545,
          0.7030690370126956,
          0.5808287486820006
        ]
      ]
    }
  },
  {
    "t": 1693895368955,
    "data": {
      "position": [
        [
          0.1289861604579291
        ],
        [
          0.21500082080154787
        ],
        [
          0.13001186190173888
        ]
      ],
      "orientation_mat": [
        [
          -0.7363981771970416,
          0.6266695555579166,
          -0.25495684489285186
        ],
        [
          -0.541821533601314,
          -0.32059699473816694,
          0.7769472264515627
        ],
        [
          0.4051507748317835,
          0.7102836300392252,
          0.5756301021936799
        ]
      ]
    }
  },
  {
    "t": 1693895368986,
    "data": {
      "position": [
        [
          0.12749109652876667
        ],
        [
          0.21542366595207818
        ],
        [
          0.13018352521257243
        ]
      ],
      "orientation_mat": [
        [
          -0.7411827382546161,
          0.6218198106626595,
          -0.25295903142770654
        ],
        [
          -0.5428858827266695,
          -0.33356448627452506,
          0.7707202163123118
        ],
        [
          0.39487094961452146,
          0.708572407424863,
          0.5848094361299749
        ]
      ]
    }
  },
  {
    "t": 1693895369019,
    "data": {
      "position": [
        [
          0.12745986929178166
        ],
        [
          0.21598991398216943
        ],
        [
          0.12998956203350712
        ]
      ],
      "orientation_mat": [
        [
          -0.7398708552118014,
          0.6207845489355357,
          -0.2592636908845145
        ],
        [
          -0.5457886293595453,
          -0.32856500369345243,
          0.7708176246102253
        ],
        [
          0.3933266958521713,
          0.7118086696232527,
          0.5819128183664528
        ]
      ]
    }
  },
  {
    "t": 1693895369051,
    "data": {
      "position": [
        [
          0.1280108046208484
        ],
        [
          0.21633983476239754
        ],
        [
          0.1296089399172614
        ]
      ],
      "orientation_mat": [
        [
          -0.7342396247599599,
          0.6232625296527277,
          -0.2691393552850198
        ],
        [
          -0.5500772571125319,
          -0.3138344814637765,
          0.7739011108997816
        ],
        [
          0.39787835407308475,
          0.7162762996045907,
          0.5732722546790903
        ]
      ]
    }
  },
  {
    "t": 1693895369083,
    "data": {
      "position": [
        [
          0.12773272427341634
        ],
        [
          0.21667465364788072
        ],
        [
          0.1296858913316425
        ]
      ],
      "orientation_mat": [
        [
          -0.7319420234394254,
          0.624963028760281,
          -0.2714444455246335
        ],
        [
          -0.5519792323256021,
          -0.31030065171322485,
          0.7739718551908632
        ],
        [
          0.3994744064450669,
          0.7163342224333022,
          0.572088699736533
        ]
      ]
    }
  },
  {
    "t": 1693895369115,
    "data": {
      "position": [
        [
          0.12704052286792156
        ],
        [
          0.21696239341004675
        ],
        [
          0.12982148295940873
        ]
      ],
      "orientation_mat": [
        [
          -0.7335862025966273,
          0.6243668944529268,
          -0.2683603258141331
        ],
        [
          -0.5519862675189331,
          -0.3170643299253094,
          0.7712207019780597
        ],
        [
          0.3964371877490515,
          0.7138880807242982,
          0.5772359694002106
        ]
      ]
    }
  },
  {
    "t": 1693895369163,
    "data": {
      "position": [
        [
          0.12688218775121468
        ],
        [
          0.21709160637584488
        ],
        [
          0.1297292729280392
        ]
      ],
      "orientation_mat": [
        [
          -0.7325071352868383,
          0.6243554976902406,
          -0.27131809607514534
        ],
        [
          -0.5540613039029314,
          -0.31521428120494116,
          0.7704907711594189
        ],
        [
          0.39553681026075604,
          0.7147168456307886,
          0.5768279312761496
        ]
      ]
    }
  },
  {
    "t": 1693895369195,
    "data": {
      "position": [
        [
          0.12732296124659487
        ],
        [
          0.21732757526158092
        ],
        [
          0.12960436849949836
        ]
      ],
      "orientation_mat": [
        [
          -0.7330084255427407,
          0.6261816437137939,
          -0.2656975670931965
        ],
        [
          -0.5505154808940995,
          -0.3166815276373399,
          0.7724283237616413
        ],
        [
          0.39953892598755714,
          0.7124670933658422,
          0.576852916688073
        ]
      ]
    }
  },
  {
    "t": 1693895369227,
    "data": {
      "position": [
        [
          0.12827334905527177
        ],
        [
          0.2176698922021832
        ],
        [
          0.12936902498806818
        ]
      ],
      "orientation_mat": [
        [
          -0.7325097814218207,
          0.6298098341484861,
          -0.25839696772836357
        ],
        [
          -0.5450022144381585,
          -0.31509869939872975,
          0.77697194022354
        ],
        [
          0.40792402035043235,
          0.7099664657200968,
          0.5740606337087175
        ]
      ]
    }
  },
  {
    "t": 1693895369259,
    "data": {
      "position": [
        [
          0.12946127224341555
        ],
        [
          0.21789513674466288
        ],
        [
          0.12902121584308435
        ]
      ],
      "orientation_mat": [
        [
          -0.7320321704222464,
          0.6331230992272152,
          -0.2515631982063772
        ],
        [
          -0.5391996355370743,
          -0.3127340767094737,
          0.7819598137381225
        ],
        [
          0.41640443621986234,
          0.7080625244211127,
          0.5703111492920507
        ]
      ]
    }
  },
  {
    "t": 1693895369291,
    "data": {
      "position": [
        [
          0.13047016330280964
        ],
        [
          0.21814205539077894
        ],
        [
          0.1287349719563447
        ]
      ],
      "orientation_mat": [
        [
          -0.73374488055618,
          0.6342642391923058,
          -0.2435720122251377
        ],
        [
          -0.5304004175132254,
          -0.31068709392477106,
          0.7887641769061122
        ],
        [
          0.4246102299278637,
          0.7079423737497184,
          0.5643790819034852
        ]
      ]
    }
  },
  {
    "t": 1693895369323,
    "data": {
      "position": [
        [
          0.13106564531739484
        ],
        [
          0.21859124865919324
        ],
        [
          0.12860936750279098
        ]
      ],
      "orientation_mat": [
        [
          -0.73549871050589,
          0.6350463352260944,
          -0.23613089370109913
        ],
        [
          -0.5228082726812806,
          -0.31028069922648716,
          0.7939756908769549
        ],
        [
          0.4309444939434643,
          0.7074192814755822,
          0.5602185317680793
        ]
      ]
    }
  },
  {
    "t": 1693895369355,
    "data": {
      "position": [
        [
          0.13117939607913037
        ],
        [
          0.2188689907594305
        ],
        [
          0.12849539402117188
        ]
      ],
      "orientation_mat": [
        [
