%YAML:1.0
---
camera_matrix: !!opencv-matrix
   rows: 3
   cols: 3
   dt: d
   data: [ 1.4246961327437521e+03, 0., 9.6088177498278958e+02, 0.,
       1.4238595252528614e+03, 5.2150903733130576e+02, 0., 0., 1. ]
distortion_coefficients: !!opencv-matrix
   rows: 1
   cols: 5
   dt: d
   data: [ 4.7280097179329364e-02, -2.0575594743540951e-01,
       1.5160660383935016e-03, -1.8201496328580638e-03,
       2.1305075891978098e-01 ]
