%YAML:1.0
---
camera_matrix: !!opencv-matrix
   rows: 3
   cols: 3
   dt: d
   data: [ 1394.6027293299926, 0., 995.588675691456,
       0., 1394.6027293299926, 599.3212928484164,
       0., 0., 1. ]
distortion_coefficients: !!opencv-matrix
   rows: 5
   cols: 1
   dt: d
   data: [ 0.11480806073904032, -0.21946985653851792,
       0.0012002116999769957, 0.008564577708855225, 0.11274677130853494 ]

# https://github.com/opencv/opencv_contrib/blob/4.x/modules/aruco/samples/tutorial_camera_params.yml
# https://docs.opencv.org/4.x/dc/dbb/tutorial_py_calibration.html

# Camera.fx: 1394.6027293299926
# Camera.fy: 1394.6027293299926
# Camera.cx: 995.588675691456
# Camera.cy: 599.3212928484164

# Camera.k1: 0.11480806073904032
# Camera.k2: -0.21946985653851792
# Camera.p1: 0.0012002116999769957
# Camera.p2: 0.008564577708855225
# Camera.k3: 0.11274677130853494